 343.549 60.92347
  343.51 60.91553
343.6487  60.89494
343.3764  60.89359
343.6391  60.88088
343.5303 60.87623
343.5275 60.87007
343.5012  60.86124
343.5066  60.85278
343.7028  60.85375
343.5519 60.83449
343.5964 60.83387
343.5903   60.8311
343.5953  60.83097
343.5864   60.8306
 343.565  60.83011
343.5883  60.82852
343.5533  60.82769
343.5431  60.82694
343.5486  60.82641
343.5716  60.82653
343.5619   60.8246
343.5682  60.8242
343.5532  60.82318
343.5194  60.81932
343.5716  60.81772
343.6081  60.81663
 343.576  60.81793
343.6116  60.81766
343.5654  60.81572
343.5757 60.81534
343.5866  60.81446
343.5672    60.8135
343.5829   60.8137
343.5791  60.81308
343.5725  60.81243
343.5612  60.81039
343.5729  60.81021
 343.654 60.80944
 343.583   60.80939
343.5898  60.80897
343.5957    60.8082
 343.575  60.80568
343.5709  60.80562
343.5951  60.80518
343.5714  60.80448
343.3716   60.80434
343.5861  60.80397
343.5924   60.80363
343.5793  60.80328
343.6283  60.79675
343.5965  60.79499
343.5062  60.79427
343.6629  60.78948
343.7301   60.78852
343.5128  60.77335
343.4224  60.73731
343.6219  60.73196
343.6232 60.72959
343.5606   60.82689
