343.7411  60.71545
343.7202 60.72208
343.6244 60.72489
343.6214   60.73068
343.4708  60.73495
343.4203 60.73828
343.6841 60.73902
343.5011   60.74018
343.4279  60.75121
343.6757  60.75974
343.5926  60.76139
343.5371   60.7631
343.6675  60.76456
343.7752   60.76803
343.5994     60.7713
343.5586  60.77239
343.5111  60.77421
343.6041  60.77497
343.6888  60.77818
343.6874  60.77817
343.6423  60.7785
343.6201  60.77893
343.7241  60.77854
343.6091  60.78416
343.6694  60.78617
343.7147  60.78716
343.4217  60.78948
343.7285  60.78924
343.6614  60.79025
343.6011  60.79354
343.5044  60.79426
343.5046    60.79546
 343.595  60.79576
343.6189  60.79708
343.5658  60.7972
343.6256  60.79773
343.6346   60.7993
343.6082  60.79946
343.5778  60.80404
 343.591  60.80437
343.5114  60.80468
 343.369  60.80523
343.5846  60.80474
343.5289  60.80504
343.5698  60.80524
343.5937  60.80582
343.6949  60.80604
343.5734   60.80643
343.5693   60.80646
343.5387  60.80725
343.5951   60.8084
 343.593   60.8093
343.5506  60.80959
343.6972  60.80909
343.5884  60.80971
343.5487  60.80986
343.5815  60.81014
343.6526  60.81015
 343.613  60.81023
343.5714  60.81096
343.5597  60.81113
 343.557   60.81143
 343.571   60.81318
343.5655  60.81388
343.5776  60.81381
343.5509  60.81412
343.5814   60.81444
343.6129  60.81465
343.5851  60.81518
343.5743  60.81607
343.5638  60.81647
343.5991  60.81677
343.6067  60.81734
343.5534  60.81759
343.6102  60.81836
343.5745  60.81866
343.6219  60.81909
343.5495  60.81985
343.5426  60.82008
343.5178 60.82011
343.5439  60.82091
343.5985  60.82203
343.6316  60.82325
343.5784 60.82403
343.4657  60.82534
343.5604  60.82534
343.6866  60.82503
343.5986 60.82549
343.4659  60.8269
343.6317  60.82688
343.5415  60.82771
343.6309  60.82797
343.5522  60.82847
343.6883    60.828
343.6635 60.82846
343.5869  60.82923
343.6342  60.83059
343.5636  60.83084
 343.585  60.83131
 343.594  60.83168
343.5889   60.8318
343.5355  60.83216
343.7583    60.83392
343.5951  60.83458
343.5504  60.83524
343.5522  60.83603
343.6206  60.83661
343.6115  60.83669
343.5301   60.8377
 343.531  60.83992
 343.684  60.84289
343.5726   60.8448
343.5868  60.84608
343.6484  60.84784
343.5751  60.85099
343.5066  60.85305
343.6608  60.85386
343.7017  60.85431
343.5614 60.85641
343.5604  60.85853
343.5707   60.8607
343.4995  60.86212
343.4496  60.86559
343.4431  60.87042
343.5758  60.87397
343.5288  60.87709
343.6382  60.88153
 343.616  60.88597
343.4968  60.89242
343.3737  60.89483
343.6478   60.89563
343.5241  60.90703
343.7774   60.90775
343.7436  60.90953
343.7443  60.91036
343.5085  60.91656
 343.368  60.91858
343.3504  60.92111
343.5752   60.8052
343.5647  60.81505
343.5458  60.82746
343.5052   60.8524
 343.504  60.85413
 343.526   60.8709
343.5682  60.82407
343.5482  60.82651
343.5459  60.82654
 343.565  60.82535
343.4955  60.74542
343.4672  60.76449
343.7844   60.78149
343.5437 60.8115
343.3936 60.83275
343.5055  60.85452
343.6336  60.82724
343.5472   60.82775
343.6255  60.79682
343.5928 60.80818
343.5669   60.8242
 343.568  60.82486
343.5036   60.8528
343.5583  60.85485
343.6273  60.79806
