343.7322 60.71626
343.6333 60.72489
343.4826  60.7292
 343.432  60.73255
 343.696  60.73323
343.5129   60.73443
343.4397  60.74549
343.6876   60.75398
343.6795  60.75882
343.7873  60.76228
343.6113  60.76557
343.5705   60.76667
343.5229  60.76852
343.6542  60.77279
343.7001  60.77273
 343.632  60.77322
343.4336  60.78382
343.7405   60.78353
343.6734  60.78454
343.5163 60.78942
343.6069 60.79006
343.5777  60.79152
 343.639 60.79207
343.6465  60.79362
343.6202   60.79378
343.6029   60.7987
343.5233 60.79903
343.3808  60.79961
343.5965  60.79908
 343.587 60.79954
343.5818 60.79959
343.6056  60.80024
343.5854  60.80077
343.5812  60.80081
343.6061  60.80359
343.5622  60.80391
343.6003  60.80405
343.5607   60.80419
343.5935  60.80448
343.6645  60.80448
343.6249  60.80457
343.5833   60.8053
343.5716  60.80548
343.5829  60.80753
343.5775  60.80826
343.5895  60.80817
343.5628  60.80847
343.5934  60.80879
343.6248  60.80899
 343.597  60.80953
343.5862  60.81043
343.5758  60.81083
343.6187  60.81169
343.6221   60.8127
343.5865  60.81301
343.6339   60.81344
343.5614  60.81422
343.5297  60.81447
343.6104  60.81639
343.6436   60.8176
343.5784  60.81966
343.5724  60.81972
343.6106   60.81986
343.5593  60.82097
343.4778 60.82128
343.5579  60.82215
343.5536 60.82206
 343.644  60.82204
 343.564  60.82283
343.7003  60.82236
343.6755  60.82281
343.5988    60.8236
343.5755  60.82522
 343.597  60.82569
343.6059  60.82606
 343.607  60.82895
343.5623  60.82962
343.5641  60.83039
343.6326  60.83098
343.6234 60.83106
343.5429  60.83431
343.5988 60.84047
343.6604  60.84222
343.5195   60.8475
343.6728 60.84825
343.7137  60.84869
343.5733  60.85081
343.5114  60.85654
 343.455   60.86486
343.5379  60.86533
343.5407  60.87153
343.6501  60.87598
343.3854  60.88934
343.6598  60.89009
343.7895    60.9022
343.7558   60.90399
343.7564   60.90482
343.5204  60.91109
343.3622  60.91565
 343.579  60.81896
343.5155  60.84752
343.5601  60.82176
343.5177  60.84705
343.5159   60.8487
 343.569  60.80578
