 343.506  60.85411
 343.562  60.85698
343.5611  60.85912
343.5003  60.86267
343.4441   60.8709
343.5267  60.87145
343.5295   60.8776
343.6386  60.88214
343.3748   60.89522
343.6483   60.8962
343.7776   60.90839
343.7443  60.91079
343.5094  60.91702
343.5485   60.92492
343.7202 60.72302
343.6217  60.73153
343.4714  60.73567
 343.421  60.73897
343.6843  60.73988
343.5017 60.74094
343.6678  60.76538
343.7753   60.76894
343.5998  60.77205
343.5591  60.77313
343.5117  60.77493
343.6426  60.77929
343.6884  60.77927
343.6204   60.7797
343.6617  60.79102
343.4226   60.7901
343.7287  60.79008
343.5052  60.79575
343.5955  60.79648
343.5663  60.79791
343.6272 60.79825
 343.635   60.80006
343.6087   60.8002
 343.574  60.80713
343.5915  60.80518
343.5121  60.80535
343.5851  60.80544
  343.37  60.80581
343.5702  60.80654
343.5942  60.80662
343.5948  60.80964
343.5719  60.81164
343.5496  60.81045
343.5889  60.81041
343.5821  60.81083
343.6529  60.81089
343.5603  60.81182
343.6133  60.81535
343.5716  60.81387
343.5662  60.81489
343.5515 60.81479
343.5782  60.81451
343.5645  60.81715
 343.582  60.81513
343.5857  60.81586
343.5748  60.81676
343.6072  60.81805
343.6107  60.81907
343.5707  60.81915
343.5751 60.81933
343.6224  60.81979
343.5501  60.82052
343.5185  60.82074
343.5673  60.82559
343.4667  60.82731
 343.561     60.826
343.6325  60.82837
343.5992  60.82618
343.5477   60.8278
343.6887  60.82876
343.5527  60.82909
343.5875  60.82993
343.6346  60.83129
343.5642   60.8315
343.5856  60.83198
343.5945   60.83235
343.5956  60.83524
 343.551  60.83588
343.6211   60.83728
343.5308  60.83831
343.5317 60.84052
343.5874  60.84673
343.6488  60.84852
 343.559  60.85543
343.6612  60.85454
 343.702  60.85502
343.4287 60.75188
343.5177  60.76261
343.4665  60.82592
343.7931   60.84938
343.5423  60.82835
