343.6179 60.73165
343.4681 60.73557
343.4179 60.73879
343.6803 60.74011
343.4982 60.74085
343.4255  60.75169
343.6719   60.76075
343.5892  60.76221
343.6638  60.76555
 343.771   60.76927
 343.596  60.77211
343.5554   60.7731
343.5082  60.77482
343.6842  60.77946
343.6387  60.77941
343.6166  60.77979
343.4193  60.78986
343.7244   60.7903
343.6577  60.79115
 343.501  60.79574
343.5916  60.79649
343.6154  60.79788
343.5625  60.79787
343.6235   60.7987
 343.631  60.80013
343.6048  60.80023
343.5876  60.80507
343.5084   60.80522
343.5812  60.80544
 343.572  60.80585
343.5666   60.80589
343.5903  60.80663
 343.566  60.80714
343.5908 60.80931
343.5474  60.81017
343.6933  60.81002
 343.585  60.81042
343.5455  60.81047
343.5782 60.81081
343.6095  60.81098
343.6489  60.81097
343.5681   60.8116
343.5565  60.81176
343.5537  60.81206
343.5677 60.81383
343.5622  60.81447
343.5743  60.81447
343.5477   60.81471
343.5781  60.81511
343.6094  60.81538
343.5817  60.81584
 343.571  60.81672
343.5606  60.81709
343.5957 60.81747
343.6033  60.81805
343.6067   60.81908
343.5712  60.81929
343.6184  60.81983
343.5463  60.82043
343.5148  60.82062
343.5951  60.82271
 343.628    60.824
343.5632  60.82568
 343.463 60.82572
343.5572   60.82594
343.5436   60.82736
343.4632  60.82728
343.5432  60.82804
343.5383  60.82825
343.6844  60.82887
 343.549  60.82903
343.6597  60.82926
343.5835  60.82985
343.5603  60.83142
343.5817  60.83194
343.5905  60.83233
343.5855  60.83243
343.5324   60.83268
343.5916  60.83521
343.5471  60.83577
343.5491  60.83659
 343.617 60.83729
343.6079  60.83736
343.5279  60.84041
343.6801    60.8437
343.5834 60.84667
343.6447  60.84856
343.7885   60.84966
343.5026  60.85274
343.5009  60.85439
 343.657 60.85459
343.6977  60.85512
 343.555  60.85532
343.5581   60.8569
343.5571  60.85902
343.4965  60.86247
343.4405  60.87062
343.5224  60.87118
343.5257 60.87747
343.6344  60.88215
343.4938   60.89268
 343.644  60.89624
343.7729   60.90858
343.7392  60.91024
  343.74  60.91114
343.5054  60.91679
343.5446  60.92474
343.6528  60.92904
343.7434  60.93667
343.5169  60.93744
343.5024  60.79575
343.5701  60.80716
343.5952  60.82622
343.6284  60.82848
343.5026  60.85515
343.6232    60.798
343.5751  60.82467
343.5692  60.84535
343.5238 60.87127
 343.545  60.82721
343.6534  60.92973
343.5038  60.85348
