343.5462 60.92393
 343.508 60.91605
343.7424 60.91012
343.7416 60.90929
343.7754 60.90763
343.5231 60.90629
343.6461  60.89528
343.3741   60.89385
343.4959  60.89176
343.6364  60.88126
343.5276  60.87661
343.4425 60.86982
343.4984  60.86172
343.5589   60.85824
343.5599  60.85612
343.5048   60.8548
343.6998  60.85425
343.5568  60.85452
343.6589  60.85376
 343.791   60.84872
343.6465  60.84772
343.5852   60.8459
 343.571 60.84459
343.6821   60.84285
343.5296  60.83969
343.6097 60.83659
343.6188 60.83649
343.5508  60.83586
343.5489 60.83503
343.5934  60.83445
343.5341 60.83197
343.5873  60.83166
343.5922  60.83155
343.5833  60.83118
 343.562  60.83069
343.5852  60.82913
343.6616  60.82842
343.5506  60.82833
343.6864    60.828
343.6306  60.82804
  343.54  60.82753
343.6297  60.82716
343.4649  60.82664
343.5969  60.8254
343.5588  60.82521
343.5649  60.82512
343.4646  60.82507
343.6298  60.82317
343.5967  60.82195
343.5163  60.81994
343.5479  60.81973
343.6201  60.81903
343.5729   60.81855
343.6084  60.81828
343.6049  60.81725
343.5973  60.81668
343.5622 60.81637
343.5726    60.816
343.5834   60.8151
 343.611  60.8146
343.5797  60.81437
343.5642  60.81414
343.5493  60.81402
343.5759  60.81372
343.5693  60.81309
343.5552  60.81134
343.5581   60.81104
343.5697  60.81086
343.6112  60.81017
343.6507  60.81012
343.5798  60.81007
 343.547  60.80977
343.5865  60.80964
343.6952  60.80912
343.5491  60.80947
343.5927  60.80857
343.5676  60.80638
343.5716  60.80637
343.5919  60.80584
343.5681  60.80517
343.5735  60.80512
343.5828  60.80469
343.3686   60.80499
343.5099 60.80455
343.5892  60.80429
343.6064  60.79943
343.6327  60.79929
343.6249 60.79788
 343.625  60.79698
 343.564  60.79715
343.5932   60.79571
343.5029  60.79521
343.6594  60.79026
343.7265  60.78931
343.4207  60.78933
343.6072    60.78414
343.6181  60.77892
343.6861  60.77849
343.6403 60.77849
343.5095 60.77415
343.5568 60.77233
343.5975  60.77128
343.7734  60.76808
343.6655  60.76456
343.5353  60.76303
343.5906  60.76138
343.6737  60.75973
343.4266  60.75117
343.4992    60.74015
343.6821  60.73895
343.4189  60.73827
343.4691  60.73491
343.6193  60.73061
343.7181  60.72194
343.5247  60.87076
343.5039  60.85402
343.5049  60.85292
343.5653   60.82441
343.5045  60.85185
343.5245   60.87011
343.5465   60.8275
343.5922  60.80925
