  343.72 60.72264
343.6219  60.73115
343.4226   60.73867
343.5595  60.77252
343.5124    60.77434
343.6424  60.77861
343.6878  60.77854
343.7277  60.78925
343.6613  60.79025
343.5058  60.79527
343.5954  60.79569
343.5664  60.79713
 343.627  60.79773
343.6346  60.79924
343.5914  60.80425
343.5125  60.80457
343.3715  60.80511
 343.585  60.80463
343.5757  60.80509
343.5704  60.80512
343.5941  60.80579
 343.574   60.8063
343.5945  60.80911
 343.582  60.80999
343.6524     60.81
343.5719  60.81079
343.5604  60.81097
343.5576    60.81126
343.5715  60.81301
343.5516  60.81394
 343.613  60.81447
343.5855   60.81498
343.5748  60.81588
343.5644  60.81627
343.6069  60.81713
343.6104 60.81814
343.5502   60.81963
343.5187  60.81987
343.5682   60.8242
 343.561  60.82508
343.4673  60.82661
343.5422  60.82741
343.6313  60.82721
343.6328  60.82759
343.5528  60.82817
343.6877   60.82773
343.5872  60.82894
343.5641    60.83053
343.5853   60.831
343.5942  60.83136
343.5953  60.83423
 343.551  60.83489
343.5318  60.83953
 343.587  60.84566
 343.648  60.84739
343.6603  60.85337
343.7008    60.85382
343.5004 60.86157
343.4444  60.86979
343.5266   60.87028
343.5293  60.87642
343.6376  60.88084
343.4975 60.89162
343.3755    60.894
343.6471  60.89483
 343.509  60.91561
343.5478 60.92345
343.5949  60.80818
343.5475  60.82727
343.4237  60.78945
343.6268  60.79705
343.5494  60.80972
 343.575   60.81846
343.5676  60.82492
343.5483   60.82653
343.5067  60.85246
