343.7184 60.72223
343.6235 60.72507
343.6205 60.73084
343.4714 60.73516
343.4214   60.7385
343.6827 60.73911
343.5014 60.74035
343.4959  60.74557
 343.429  60.75134
343.6744  60.75974
343.5921  60.76143
343.5372 60.76315
 343.468  60.76456
343.6664   60.76456
343.7731  60.76795
343.5989  60.77128
343.5585  60.77239
343.5115  60.77423
343.6035  60.77493
343.6414  60.77845
343.6194  60.77888
343.7225  60.77843
343.7822   60.78135
343.6934  60.78228
 343.772  60.78307
343.6086  60.78409
343.6683  60.78606
343.5767  60.78722
343.7131 60.78702
343.4231  60.78944
343.7268  60.78909
343.6604  60.79013
343.6007  60.79341
343.5946  60.79562
343.6183  60.79694
343.5657  60.79708
343.7715    60.7983
343.6339  60.79915
343.6078 60.79931
343.6367    60.803
343.5777  60.80387
343.5907  60.80419
343.5119  60.80454
343.5844  60.80458
 343.371  60.8051
343.5292  60.80488
343.5751 60.80504
343.5698  60.80509
343.6936  60.80582
343.5733  60.80627
343.5692   60.8063
 343.539 60.80709
343.6959  60.80886
343.5506  60.80938
343.5881  60.80951
343.5489  60.80968
343.5814  60.80995
343.6517  60.80993
343.6125  60.81003
343.5713   60.81077
343.5598 60.81096
343.5572   60.81126
343.5709  60.81297
343.5656  60.81378
343.5775  60.81362
343.5511 60.81393
343.5813  60.81423
343.6124  60.81442
343.5849 60.81496
343.5742  60.81586
343.5639  60.81626
343.5988  60.81653
343.6063   60.8171
343.5536  60.81738
343.6098 60.81813
343.5745  60.81842
343.6214   60.81884
343.5497  60.81962
343.5429  60.81986
343.5183  60.81988
343.5441 60.82065
343.5982 60.82178
 343.631  60.82297
343.5784  60.82376
343.4668   60.8251
343.5606  60.82507
343.6854 60.82472
343.5984  60.82523
343.4671  60.82666
343.5418  60.82743
343.5524  60.82819
343.6872  60.82768
343.6626  60.82815
343.5868 60.82894
343.6314  60.82851
343.6335  60.83026
343.5637  60.83055
343.5849  60.83101
343.5938 60.83137
343.5888  60.83149
 343.536 60.83186
343.7565   60.83353
343.5949  60.83426
343.5506  60.83492
343.5525  60.83571
343.6202  60.83626
343.6111  60.83635
343.5306  60.83738
343.5315  60.83959
 343.683  60.84249
343.5727  60.84442
343.5868   60.8457
343.6477  60.84741
343.5752  60.85058
  343.66   60.85342
343.5586   60.8544
343.7005  60.85384
343.5616  60.85598
343.5607   60.85809
343.5709  60.86026
343.5005   60.86169
 343.451   60.86513
343.6238  60.86554
343.4447  60.86991
343.5271  60.87038
 343.576  60.87345
343.5294  60.87653
343.6377  60.88095
343.6159  60.88538
 343.498  60.89179
343.3761  60.89421
343.6473  60.89497
 343.525  60.90632
343.7757   60.90698
343.7423  60.90878
343.5096  60.91582
343.3706 60.91784
343.5484  60.92364
343.6564 60.92773
343.6145  60.92828
343.6877   60.77827
343.5033  60.79471
343.5038  60.79558
343.5934    60.80578
343.5439  60.81126
343.6315  60.82616
343.5461  60.82675
343.7429  60.90954
343.5058  60.79422
343.5477  60.82623
343.5191  60.76144
343.6568   60.9284
343.6859  60.77851
343.6328    60.8269
343.5467  60.82748
343.5054   60.7949
