343.7326 60.71311
343.6337 60.72174
343.4831  60.72602
343.4325 60.72936
343.6118   60.7624
343.5234  60.76533
343.7005  60.76957
343.6547  60.76963
343.6324  60.77005
 343.434  60.78062
343.7409  60.78037
343.6738  60.78137
343.5168 60.78622
343.6074  60.78688
343.6392  60.78865
343.6033  60.79551
343.5237  60.79584
343.3813  60.7964
343.6061  60.79707
343.5858   60.79759
343.6067 60.80008
343.5939   60.8013
 343.665   60.8013
343.5837  60.80211
343.5721   60.80231
343.5834  60.80435
343.6252    60.8058
343.5975  60.80634
343.5866  60.80724
343.5762  60.80764
343.6191  60.80851
343.6226  60.80953
343.5301  60.81129
343.5791  60.81613
343.5728  60.81653
 343.559  60.81836
343.5759  60.82203
343.5974  60.82251
343.6063  60.82287
343.6075  60.82577
343.5627  60.82643
343.6732  60.84507
343.7142  60.84551
343.5118   60.85335
343.5383    60.86214
343.5411  60.86835
343.6505   60.87279
343.3859  60.8861
343.6602  60.88692
343.5209  60.90788
343.5159  60.84391
343.5158  60.84474
343.5191  60.84364
343.5177  60.84371
343.5195  60.84455
343.5605  60.81802
