343.6215  60.731
343.4718  60.7349
343.4217  60.73811
343.6838 60.73945
343.5019 60.74018
343.4964 60.74539
343.4293 60.75101
343.6754  60.76007
343.5195   60.7613
343.5928  60.76153
343.5377  60.76309
343.4683  60.76433
343.6673  60.76486
343.7743   60.76858
343.5996 60.77141
 343.559   60.7724
343.5119  60.77411
343.6042  60.77508
343.6422  60.77869
343.6201  60.77907
343.7235  60.77892
343.7834      60.782
343.7731   60.78371
343.6093  60.78425
343.6692  60.78639
343.5772 60.78728
343.7141  60.78749
343.4231  60.78912
343.7278   60.7896
343.6612  60.79042
343.6013  60.79356
343.5952  60.79576
 343.619 60.79713
343.5661  60.79713
343.7726  60.79893
343.6346 60.79939
343.6084  60.79948
343.6373 60.80324
343.5912  60.80432
343.5121  60.80447
343.5082  60.80438
343.5848   60.80468
343.5295 60.80484
343.5756  60.80508
343.5702   60.80514
343.5946  60.80578
343.5932  60.80597
343.6945  60.80623
343.5696  60.80638
343.5393  60.80707
343.5954   60.80891
343.5512   60.80941
343.6967  60.80927
343.5886  60.80965
343.5491  60.80971
343.5818 60.81005
343.6524  60.81023
343.6131 60.81022
343.5717  60.81084
343.5602  60.81099
343.5573  60.81131
343.5443 60.81132
343.5713  60.81306
343.5659  60.81365
343.5779  60.81371
343.5514  60.81394
343.5817  60.81433
343.6129  60.81461
343.5854  60.81508
343.5746  60.81595
343.5642  60.81632
343.5992   60.8167
343.6068   60.81729
343.5539  60.81742
343.6103  60.81831
343.5749  60.81852
343.6219  60.81906
343.5499  60.81965
343.5431  60.81985
343.5184  60.81984
343.5444 60.82071
343.5987  60.82194
343.6316  60.82322
343.5673  60.82397
343.5787  60.82388
343.4667  60.82492
343.5608   60.82515
343.6862  60.82512
343.4669  60.82649
343.6321  60.82709
343.5338 60.82669
 343.542  60.82747
343.6879   60.8281
343.5527  60.82824
343.6632  60.82849
 343.632  60.82853
343.5871  60.82907
343.6341  60.83055
343.5639  60.83063
343.5853  60.83115
343.5941    60.83154
343.5891  60.83164
343.5361 60.83189
343.3951  60.83216
343.4384  60.83319
343.7574  60.83414
343.5952   60.83442
343.5508  60.83497
343.5528   60.83579
343.6206  60.8365
343.6115  60.83656
343.5307  60.83736
343.5316   60.8396
343.6836  60.84291
343.5482  60.84419
343.5729  60.84455
 343.587    60.84587
343.6482  60.84775
343.7919   60.84885
343.5753  60.85071
343.5062  60.85199
343.6605  60.85378
343.7012  60.85431
343.5587  60.85448
343.5618  60.85607
343.5608   60.85819
343.5711   60.8604
343.4998  60.86139
343.4507  60.86498
343.6241  60.86582
343.4443  60.86976
343.5269   60.8701
 343.576   60.87362
343.5293   60.8766
343.6379  60.88129
343.4975  60.89178
343.6476  60.89535
343.5246  60.90643
343.7763    60.9077
343.7939   60.90895
343.7427  60.90935
  343.51  60.91574
343.5486 60.92347
343.6144  60.92863
343.6564  60.92873
343.6466 60.93232
343.7468   60.93574
343.5208  60.93652
343.6873  60.77869
343.6269  60.79809
343.5737  60.80639
343.5945  60.80824
343.5683  60.82479
343.5659   60.82508
343.5988  60.82544
343.5485   60.82694
343.5049  60.85367
343.5063  60.85424
 343.616   60.8857
343.7435  60.91029
343.5061  60.79448
343.5043  60.79514
343.5945  60.80975
343.5175   60.7619
343.6945  60.78263
343.5891  60.79416
343.5471 60.92379
343.5935  60.80896
343.5476  60.82622
343.5133  60.88275
343.7944  60.85029
343.5086  60.91555
