343.5484 60.92335
343.5095 60.91544
343.7442 60.90989
343.7772 60.9074
343.6479  60.89506
343.3758   60.89362
343.4977  60.89153
343.6162   60.8854
343.6382 60.88106
343.5294  60.87642
343.5266  60.87028
343.4444  60.86964
343.4507  60.86487
343.5003  60.86153
343.5608   60.85808
343.5618  60.85596
343.7016  60.85411
343.6608  60.85361
343.5066  60.85337
 343.793  60.84862
343.6484 60.84761
 343.587 60.84577
343.5315  60.83954
343.6207   60.83639
343.5526  60.83569
343.5507  60.83493
343.5952  60.83432
343.5941   60.83146
343.5852 60.83108
343.5638  60.83058
343.5871    60.829
343.6635  60.82831
343.5525  60.82819
343.6882   60.8279
343.5418  60.82743
343.5473  60.82666
343.4667  60.82653
343.5607   60.8251
343.4665  60.82499
343.5182  60.81985
343.5498  60.81962
 343.622  60.81894
343.5747   60.81848
343.6103  60.81821
343.6068  60.81719
343.5641  60.81628
343.5744  60.81589
343.5852  60.81503
343.6129  60.81451
343.5815  60.81427
343.5511  60.81391
343.5712    60.813
343.5571  60.81126
343.5599  60.81097
343.5715  60.81079
343.6525  60.81008
343.5817 60.80999
343.5489  60.80969
343.5694  60.80633
343.5735  60.80629
343.5937   60.8058
  343.57   60.8051
343.5753 60.80507
343.5847  60.80462
343.3704   60.80491
343.5118  60.80449
 343.591  60.80425
343.6083   60.79938
343.6346  60.79926
343.5659  60.79709
 343.595  60.79566
343.5045 60.79475
343.6613  60.79023
343.7284  60.78928
343.4226   60.7893
343.6422 60.7785
343.5113  60.77416
343.5586 60.77235
343.7754   60.76808
343.5372  60.76307
 343.684  60.73901
343.4207  60.73831
343.6212   60.73068
343.6242  60.72487
343.7202 60.72202
343.5467  60.82726
343.5478  60.82724
343.5778  60.81364
343.5942   60.80836
343.6264   60.7974
343.5052  60.79524
 343.688  60.77843
 343.568  60.82516
 343.567  60.82419
