343.6187 60.73186
343.4689 60.73577
343.4186 60.73898
343.6646  60.76576
343.5968   60.7723
343.5089   60.77503
343.6395  60.7796
 343.685  60.77965
343.6173   60.77998
343.4201   60.79003
343.7252   60.7905
343.6585  60.79134
343.5023  60.79581
343.5924  60.79668
 343.624 60.79851
343.5883  60.80526
343.5092  60.80542
 343.591  60.80682
343.5709   60.8073
343.5916   60.80982
 343.579 60.81101
343.6496  60.81116
343.5689 60.81179
343.5573  60.81196
343.5685  60.81401
343.5485  60.81491
343.6101  60.81556
343.5825  60.81604
343.5717  60.81691
343.5614  60.81729
 343.604 60.81824
343.6075  60.81926
343.5155  60.82078
343.5642 60.82572
 343.558  60.82613
343.5452  60.82751
343.5435  60.82761
 343.561  60.83161
343.5824  60.83213
343.5913  60.83251
343.5924   60.8354
343.5479  60.83597
343.6454 60.84874
343.5021  60.85462
343.6577  60.85478
343.6985   60.85531
343.4972 60.86267
343.5236  60.87145
343.5264  60.87764
343.6351   60.88232
343.6448   60.8964
343.5061    60.917
343.5451  60.92494
343.6539  60.92985
343.7441   60.93685
343.5176  60.93765
343.5034  60.85325
343.5051  60.85327
 343.505  60.85396
