343.7168 60.72458
343.6189 60.73319
343.4696 60.73749
343.4195 60.74083
343.6648  60.76694
343.5972  60.77366
343.5097  60.77661
343.6852  60.78076
343.6398   60.78084
343.6177  60.78126
343.4212  60.79183
343.7253    60.7915
343.6588  60.79253
343.5032  60.79739
 343.593 60.79802
343.6245  60.79976
 343.589  60.80662
343.5101  60.80696
 343.369  60.80757
343.5917  60.80815
343.5716  60.80867
343.5923  60.81115
343.5797   60.81236
343.6501  60.81234
343.5696 60.81318
 343.558  60.81337
343.5692   60.8154
343.5493 60.81634
343.6107  60.81684
343.5832 60.81739
343.5725  60.81828
343.5621  60.81869
343.6046 60.81953
343.6081  60.82055
343.5164   60.82233
 343.565  60.82712
343.5588  60.82754
343.5454  60.82983
343.6298   60.8298
343.5619  60.83301
343.5832 60.83346
 343.592  60.83383
343.5932  60.83671
343.5488  60.83739
343.6461   60.8499
343.5058   60.85583
343.6584  60.8559
343.6989  60.85633
343.4985  60.86419
343.5248  60.87294
343.5276  60.87909
 343.636  60.88349
 343.374 60.89681
343.6456   60.89752
343.5077  60.91845
343.5465  60.92629
343.6546  60.93078
343.5026 60.85539
343.5458  60.82883
 343.504  60.85475
