343.3538   60.91953
343.3711  60.91708
343.5101 60.91523
343.7443 60.90995
343.7435 60.90909
 343.795 60.90865
343.3696  60.90898
343.7773  60.9074
343.5253  60.90609
343.6481   60.89509
343.3765    60.89366
343.4982  60.89156
 343.461  60.89006
343.6165  60.88543
343.5139   60.8826
343.6388  60.88135
343.5298  60.87644
343.5765  60.87345
343.5269   60.87061
343.4449  60.86968
343.6245  60.86566
343.4512  60.86491
   343.5  60.86155
343.5714  60.86027
343.5611  60.85808
343.5621  60.85597
343.7018  60.85412
 343.559  60.85438
 343.661  60.85361
343.5064  60.85177
343.7955        60.85004
343.5757  60.85063
 343.793   60.84859
343.6486   60.8476
343.5873  60.84577
343.5732  60.84447
343.5484  60.84412
343.6842  60.84272
343.5318  60.83955
343.5309  60.83734
343.6118  60.83646
343.6209  60.83639
 343.553 60.83575
 343.551  60.83493
343.7584  60.83388
343.5955  60.83433
343.4387  60.83325
343.3956  60.83227
343.5363  60.83186
343.5894  60.83157
343.5944  60.83145
343.5855  60.83108
343.6344  60.83041
343.5641  60.83058
343.5873    60.829
343.6636  60.82832
343.6884   60.8279
343.5528   60.8282
343.5422  60.82744
 343.546  60.82726
 343.534  60.82668
343.4672  60.82655
 343.547  60.82655
343.6322  60.82559
 343.599  60.82531
343.6867  60.82494
 343.561  60.82511
343.4669  60.82499
343.5789  60.82382
343.5679   60.82411
343.6319  60.8231
343.5988  60.82186
343.5186  60.81985
343.5501  60.81964
343.6222  60.81894
 343.575  60.81847
343.6105   60.8182
 343.554 60.81739
 343.607  60.81719
343.5994   60.81661
343.5643  60.81628
343.5747   60.8159
343.5855  60.81503
343.6131  60.8145
343.5819 60.81428
343.5515 60.81393
 343.578   60.81365
343.5714 60.81302
343.5443  60.81129
343.5574  60.81127
343.5718  60.81079
343.6527  60.81006
343.6132  60.81012
343.5819     60.81
343.5492    60.8097
343.5887  60.80958
343.6972  60.80904
343.5512  60.80939
343.5959  60.80837
343.5393  60.80708
343.5697  60.80633
343.5738   60.8063
343.5934  60.80612
343.5703   60.8051
343.5757  60.80505
343.5295  60.80485
343.5849 60.80462
 343.371    60.80493
343.5122   60.8045
343.5913   60.80424
343.5782   60.8039
343.6375   60.80309
343.6085  60.79937
343.6348   60.79924
343.7736  60.79855
343.5661 60.79709
343.6191    60.797
343.5953  60.79566
343.5055  60.79516
343.6014  60.79346
343.6615  60.79021
343.7285  60.78924
343.4231   60.7893
343.7147  60.78715
343.5772   60.7872
343.6695  60.78615
343.6093   60.7841
343.7742  60.78325
343.7845  60.78153
343.6202  60.77888
343.7241  60.77855
343.6424  60.77847
343.6042 60.77491
343.5117  60.77413
343.5589  60.77232
343.5996  60.77123
343.7753  60.76805
343.6675  60.76456
 343.468  60.76443
343.5375  60.76303
343.5927  60.76135
343.5193 60.76131
343.6757  60.75971
343.4289   60.7512
 343.496 60.74541
343.5015   60.74017
343.6841 60.73896
343.4212  60.73829
343.4714  60.73495
343.6213  60.73065
343.6243  60.72482
343.7202 60.72197
343.7411  60.71534
343.5067  60.85436
343.5602  60.81105
343.5945  60.80967
 343.695  60.80611
343.6268  60.79818
343.5662  60.81384
343.6889  60.77894
 343.549 60.92371
343.6308  60.82775
343.6875  60.77875
343.5042 60.7943
343.6878  60.77805
 343.549 60.92301
343.5036  60.79516
