343.6217   60.73155
343.4211  60.73896
343.5118    60.77492
343.6884  60.77927
343.4227  60.79007
343.7286 60.79008
343.6617  60.79102
343.5052  60.79573
343.5955  60.79647
343.6272   60.79823
343.5741  60.80711
343.5122  60.80534
343.3701  60.80577
343.5702   60.80664
343.5942 60.80661
343.5948  60.80962
 343.572  60.81163
343.5821  60.81082
 343.653  60.81087
343.5604   60.8118
343.5716  60.81385
 343.582  60.81513
343.5662  60.81487
343.6133 60.81534
343.5645  60.81713
343.5857  60.81584
343.6072  60.81804
343.6107  60.81904
343.5186   60.82071
343.5674   60.82557
343.5477  60.82777
343.6325  60.82834
343.5875  60.82989
343.5642  60.83147
343.5856  60.83196
343.5945  60.83234
343.5957  60.83521
343.5511  60.83586
343.5061  60.85416
343.6612  60.85452
 343.702  60.85499
343.5004  60.86264
343.5268  60.87143
343.5296  60.87758
343.6386   60.88213
343.3749  60.89519
343.6483   60.8962
343.5094    60.917
343.5486    60.9249
343.5915   60.80523
