343.7181   60.7244
343.6202   60.733
343.4709 60.73731
343.4208 60.74065
343.6824   60.74129
 343.501 60.74252
343.4285  60.75353
343.6742  60.76193
343.5917  60.76361
343.6661 60.76675
343.7729  60.77016
343.5986    60.77348
343.5581 60.77459
 343.511  60.77644
343.6411  60.78066
343.6866  60.78057
343.6191  60.78109
343.4225  60.79165
343.7266 60.79133
343.6601  60.79235
343.5049  60.79704
343.5943  60.79786
343.5653  60.79932
343.6257  60.79999
343.6336  60.80139
343.6074  60.80156
343.5903  60.80645
343.5115  60.80679
343.3704  60.80734
 343.584  60.80682
343.5747   60.8073
343.5694   60.80733
 343.593  60.80799
343.5729  60.80851
343.5688  60.80855
343.5936  60.81148
343.5504  60.81163
343.6957  60.81112
343.5877  60.81177
343.5484 60.81194
 343.581   60.8122
343.6514  60.81218
343.6122   60.81228
343.5709    60.81302
343.5594   60.8132
343.5568  60.81348
343.5706  60.81523
343.5771  60.81586
343.5506   60.81617
343.5655  60.81631
343.5809  60.81648
343.6121  60.81668
343.5846 60.81722
343.5738  60.81812
343.5635  60.81852
343.5984  60.81879
 343.606  60.81937
343.6095 60.82038
343.5741  60.82069
343.6211   60.8211
343.5493  60.82189
343.5178  60.82214
343.5979  60.82405
343.6307  60.82524
343.5662  60.82713
343.5601  60.82737
 343.598  60.8275
343.4665  60.82892
343.5476  60.82906
343.5457  60.82945
343.5414  60.82971
343.6308  60.82954
343.6869  60.82996
 343.552  60.83047
343.6623  60.83042
343.5864  60.83122
343.5633  60.83284
343.5845  60.83329
343.5934  60.83365
343.5884  60.83377
343.5355  60.83417
343.5945  60.83654
343.5502   60.8372
343.5521  60.83798
343.6198   60.83855
343.6108  60.83864
 343.531  60.84187
343.6827  60.84479
343.5864 60.84801
343.6474  60.84973
 343.507  60.85466
343.5041  60.85506
 343.507  60.85602
343.6598  60.85573
343.7003   60.85616
343.5613  60.85829
343.4999  60.86399
343.4441 60.87228
343.5262  60.87275
343.5289   60.8789
343.6374   60.88331
343.3754  60.89656
 343.647    60.89735
343.7755   60.90935
 343.742  60.91117
343.7427  60.91197
343.5091  60.91819
 343.548  60.92609
343.6562  60.93048
343.6141   60.9307
343.5662  60.82645
343.5939  60.81069
343.6265 60.79923
343.6251  60.79925
