 343.719 60.72263
 343.621  60.73105
343.4216   60.73837
343.5588  60.77245
343.5117  60.77422
343.6872  60.77864
 343.505  60.79464
 343.595  60.79575
343.5659   60.79717
343.6264   60.7975
343.6342  60.79933
343.5909   60.8043
343.5121  60.80454
343.5846  60.80468
343.3708  60.80493
343.5753  60.80516
  343.57  60.80517
343.5936  60.80588
343.5736 60.80635
343.5816  60.81004
 343.652  60.81014
343.5715  60.81085
343.5599  60.81102
343.5572  60.81128
343.5712  60.81306
343.5512  60.81398
343.6126  60.81454
343.5851   60.81507
343.5744  60.81592
343.5641  60.81633
343.6066  60.81726
  343.61  60.81825
343.5498   60.81969
343.5184  60.81989
343.5607  60.82515
343.4669  60.82661
343.5472  60.82665
343.5419  60.82748
343.6325  60.82808
343.5525  60.82827
343.6876  60.82795
343.5869  60.82903
343.5638  60.83063
343.5851   60.8311
 343.594  60.83147
 343.595  60.83438
343.5507  60.83498
343.5315  60.83963
343.5869  60.84582
343.6603  60.85362
343.7008  60.85412
343.5003  60.86168
343.3422  60.86502
343.4444  60.86987
343.5266   60.87046
343.5293   60.8766
343.6378  60.88114
343.4976  60.89182
343.3755  60.89407
343.6474   60.8952
343.5093  60.91586
343.5482  60.92376
343.6418   60.7786
343.7274   60.78936
343.6608   60.7903
343.5943  60.80827
343.5676  60.82447
343.5662  60.82468
343.6312  60.82688
343.5067  60.85344
343.4231  60.78931
343.6479  60.84758
 343.549  60.80973
343.4507   60.86508
343.5052   60.79538
343.5948   60.8094
343.5474   60.82736
343.5526  60.83571
343.5931  60.80895
343.5747  60.81849
