343.5542 60.92561
343.5477 60.92371
343.5089 60.91577
343.7437  60.91002
343.6475  60.89519
343.3752   60.89384
 343.638  60.88111
343.5291  60.87648
343.5263  60.87031
 343.444    60.8697
   343.5   60.8615
343.5606  60.85801
343.5053    60.853
343.5616  60.85589
343.5585  60.85429
343.7017  60.85398
343.6608  60.85348
343.5147  60.85007
343.5101 60.84865
343.6484  60.84744
 343.587   60.84561
343.5841  60.84332
343.5314  60.83937
 343.548 60.83763
343.5305  60.83714
343.5507  60.83472
343.5952  60.83411
343.5799  60.83303
343.6343  60.83017
343.5892  60.83133
343.5941   60.8312
343.5853  60.83083
343.5699  60.83063
343.5638  60.83034
343.5871  60.82876
343.5924  60.82869
343.5525   60.82795
343.6884   60.82763
343.5705   60.8267
343.6322  60.82722
343.5419  60.82718
343.5594    60.82715
343.5473  60.82664
343.5963  60.82624
343.4666   60.8263
343.5988  60.82502
343.5385  60.82416
343.6867  60.82466
343.5607  60.82483
343.4665  60.82472
 343.567  60.82444
343.5731  60.82167
343.5987  60.82155
343.5432   60.81968
343.6109  60.82033
343.5704  60.81794
343.5182  60.81956
343.5498  60.81934
343.6069  60.81686
343.5748  60.81816
343.6104  60.81788
343.5462  60.81752
343.5538  60.81707
343.6163  60.81676
343.5495  60.81548
343.5642  60.81596
343.5746 60.81557
343.5513  60.81359
343.5854  60.81469
343.5659  60.81371
343.6131  60.81417
343.5817  60.81393
343.5779   60.8133
343.5562  60.81311
343.5713  60.81266
343.5818 60.80962
343.5441  60.81095
343.5601  60.81062
343.5717  60.81044
343.6528  60.80968
343.5491  60.80927
343.5886   60.8092
343.5946  60.80843
343.5657 60.80779
343.6523  60.80679
343.5079  60.80633
343.6019    60.806
343.5697  60.80579
343.5738  60.80591
 343.594   60.8054
343.5701  60.80475
343.3704   60.80459
343.5849 60.80422
343.5081  60.80405
343.5119  60.80412
343.5913  60.80386
343.5781  60.80351
343.6124  60.79915
343.6349  60.79881
343.5941  60.79869
343.5996   60.79706
343.6271  60.79699
343.5661  60.79664
343.6192  60.79655
343.5953   60.79522
343.5051 60.79452
343.5892  60.79368
343.6617  60.78971
343.7289  60.78875
343.4228 60.78886
343.6427 60.77793
343.6886  60.77789
343.5105   60.7767
343.6209  60.7763
343.5623  60.77393
343.5117  60.77358
 343.559  60.77175
343.5998  60.77066
343.4213  60.73757
343.4715  60.73419
343.6207    60.7322
 343.622 60.72982
343.7211  60.72111
343.5521 60.82339
343.6204   60.77833
343.6132  60.80972
343.5221  60.82249
