 343.546 60.92349
343.5071 60.91559
343.6454  60.89514
343.3734   60.89375
343.6358  60.88112
 343.527  60.87647
343.5242  60.87034
343.4419  60.86974
343.4978  60.86159
343.6992  60.85418
343.6583  60.85363
343.5022  60.85338
343.6459  60.84764
 343.529 60.83957
343.5482  60.83495
343.5927  60.83433
343.5916   60.83147
343.5827   60.8311
343.5613  60.83056
343.6295  60.82752
343.5582  60.82513
343.5645   60.82472
343.5157  60.81984
343.6077  60.81821
343.6043  60.81717
343.5616  60.81629
343.5719  60.81588
343.5827  60.81497
343.6104    60.8145
343.5487  60.81393
343.5687    60.813
343.5574  60.81092
343.5691  60.81077
  343.65  60.81006
343.5792  60.80998
343.5918  60.80876
 343.571  60.80626
343.5913  60.80576
 343.368   60.80489
343.5093  60.80448
343.5885  60.80423
343.6242   60.7974
343.5924  60.79561
343.5023  60.79491
343.6587 60.79015
343.7258  60.78921
343.4201  60.78924
343.6175  60.77881
343.6397  60.77844
343.6854  60.77837
343.5088  60.77408
343.5968  60.77118
343.6648  60.76447
343.6814  60.73887
343.4182 60.73816
343.4684  60.73483
343.6186  60.73052
343.7175  60.72188
343.5046  60.85228
343.5454  60.82724
343.5444  60.82643
343.5035  60.85407
343.5561  60.77225
343.5051   60.85305
343.5846  60.84578
343.4986 60.74005
343.5051    60.8538
