343.3688   60.89709
343.5198  60.87374
343.5884   60.83775
 343.557   60.83398
343.5409   60.8307
343.5531  60.81437
343.6547   60.7936
343.6145    60.734
343.5416 60.92686
343.5026 60.91896
343.5873  60.83485
343.5114  60.82323
   343.6   60.8206
 343.587  60.80919
343.4979  60.79831
343.7219  60.79264
343.5044   60.77753
343.5226  60.87988
343.4934  60.86497
343.5405   60.83025
343.5644   60.8164
343.5876  60.81219
343.6201  60.80083
343.5883 60.79904
343.4997   60.8568
343.4138  60.74165
343.6315  60.88454
343.4987  60.85675
343.5784   60.83447
343.6253    60.8309
343.5601   60.8281
