343.7406  60.7158
343.7198 60.72237
343.6243 60.72507
343.6214  60.73084
343.6201  60.73317
343.4713 60.73497
 343.421  60.73825
343.6839    60.7392
343.5015  60.74021
343.4286  60.75113
343.6755   60.75984
343.5184 60.76169
343.5927 60.76143
343.5375   60.76307
343.6674  60.76466
343.7747   60.76821
343.5995  60.77129
343.5588  60.77234
343.5115  60.77414
343.6879  60.77849
343.6423 60.77853
343.6202  60.77893
343.7238  60.77863
343.6942  60.7825
343.6093  60.78413
343.6693  60.78619
343.5771  60.78722
343.7144  60.78721
343.4225 60.78929
343.7282   60.7893
343.6614  60.79024
343.5049 60.79492
343.6013  60.79348
343.5891  60.79417
343.5952  60.79568
343.6268  60.79743
343.6191  60.79701
 343.566  60.79709
343.6347   60.79925
343.6084  60.79937
343.6123  60.79959
343.6019  60.80234
343.5737   60.8063
343.5912  60.80434
343.5082 60.80444
343.5119  60.80452
343.3699  60.80496
343.5848  60.80461
343.5293  60.80487
343.5699   60.80559
343.5939   60.8058
343.6948  60.80601
343.5391  60.80709
343.6132  60.81012
343.5717  60.81081
343.5601    60.811
343.5944  60.80876
 343.697  60.80904
343.5494   60.8096
343.5818  60.80999
343.6526  60.81006
 343.613  60.81452
343.5713  60.81303
343.5513  60.81394
 343.566   60.81407
343.5779  60.81367
343.5817   60.8143
343.5854  60.81503
343.5746  60.81592
343.5642   60.8163
343.5493  60.81597
343.5993  60.81662
343.6069  60.81721
343.5538   60.8174
343.6103   60.81822
343.5704  60.81831
343.5748  60.81849
343.5434  60.82006
343.6221   60.81894
343.5499  60.81967
343.5182  60.81989
343.5873    60.82155
343.6108  60.82065
343.5907  60.82108
 343.567  60.82472
343.5987  60.82187
343.5732  60.82201
343.6318  60.82312
343.5787  60.82389
343.6261   60.8241
343.5474  60.82694
343.5608   60.82514
343.6865  60.82493
 343.632  60.82749
343.5988  60.82532
343.4666  60.82663
343.5526  60.82825
343.5595  60.82745
343.5419  60.82748
343.6882   60.8279
343.5872  60.82907
343.6635  60.82831
343.5853  60.83111
343.5925  60.82896
343.5639  60.83064
343.5942  60.83149
 343.536  60.83194
343.3944  60.83243
 343.438  60.83337
 343.758  60.83384
343.5953  60.83437
343.5508  60.83501
343.6117  60.83649
343.6208  60.83641
343.5306   60.83744
343.5315  60.83965
 343.684  60.84272
343.5729  60.84454
343.5871   60.84585
343.6485 60.84765
343.7926   60.84852
 343.795    60.84992
343.5754  60.85072
343.5059  60.85324
343.5587  60.85452
343.6609  60.85364
343.7016  60.85413
343.5618  60.85611
343.5608  60.85824
343.5711  60.86041
343.5001  60.86177
343.4503  60.86519
343.6244  60.86576
343.4439     60.87
343.5265  60.87055
343.5762  60.87362
343.5293   60.8767
343.6383  60.88122
343.6163   60.88562
343.4975  60.89196
343.3747 60.89427
 343.648   60.8953
343.5246  60.90657
343.7771    60.90748
343.5229  60.90831
343.7948    60.9087
 343.744  60.90992
343.5091   60.91606
343.3691  60.91793
343.5482  60.92396
343.4959  60.74546
343.5441  60.81136
343.5562   60.8135
343.4663  60.82529
343.6017   60.80644
343.6343  60.83069
 343.741 60.71655
343.7201 60.72312
343.6246 60.72584
343.6217  60.73163
343.6204  60.73397
343.4715 60.73576
343.4212  60.73905
343.6842  60.73999
343.5018  60.74101
343.4288   60.75195
343.6758   60.76064
343.5188   60.76252
 343.593  60.76223
343.5378  60.76388
343.6678  60.76546
343.7751     60.769
343.5998  60.77209
343.5592  60.77316
343.5118  60.77497
343.6883  60.77928
343.6426  60.77933
343.7241  60.77942
343.6204  60.77973
343.6945  60.78331
343.6096  60.78493
343.6696 60.78699
343.5774  60.78805
343.7148    60.788
343.4227  60.79011
343.7285   60.7901
343.6617 60.79103
343.5052  60.79574
343.6016  60.79429
343.5955   60.7965
343.6193  60.79783
343.5663  60.79792
343.6271  60.79825
343.6122  60.80041
343.6087   60.8002
343.6022  60.80315
 343.574   60.80713
343.5122  60.80535
343.5851  60.80545
343.5296  60.80571
343.5082  60.80526
343.3701  60.80579
343.5702  60.80647
343.5942  60.80663
343.6951  60.80682
343.5394  60.80793
343.5603  60.81181
 343.572  60.81164
343.5496  60.81044
343.6973  60.80985
343.5444  60.81216
343.5821 60.81083
343.6529  60.81087
343.6135  60.81095
343.5716  60.81386
343.5662   60.8149
343.5515 60.81478
343.5782   60.8145
 343.582  60.81514
343.6133  60.81533
343.5565  60.81427
343.5857  60.81584
343.5497  60.81663
343.5748  60.81673
343.5645  60.81713
343.5996  60.81745
343.6072  60.81803
343.5541   60.81824
343.6107  60.81904
343.5707  60.81913
343.5751  60.81931
343.5436   60.8209
343.6224  60.81977
343.5501  60.82049
343.5673  60.82554
343.5185  60.82072
343.6111  60.82148
343.5873  60.82236
343.5909  60.82189
 343.599 60.82269
343.5735  60.82284
 343.632  60.82393
 343.579   60.8247
343.6264  60.82493
343.5991  60.82614
343.5611  60.82597
343.6868  60.82576
343.6324    60.82828
343.4668  60.82746
343.5477  60.82776
343.5875  60.82988
343.5528  60.82906
343.5598  60.82827
343.5422  60.82831
343.6638  60.82914
343.5856  60.83194
343.5927  60.82981
343.5642   60.83145
343.5945  60.83232
343.5363  60.83275
343.3947  60.83324
343.5511  60.83584
343.4382  60.83419
343.5956  60.83519
343.6119  60.83731
343.6211  60.83724
343.5309 60.83826
343.5317  60.84047
343.5732 60.84536
343.5874  60.84665
343.6488  60.84845
343.7929   60.84933
343.5063  60.85406
343.7954    60.8508
343.5757   60.85154
 343.559  60.85533
 343.702  60.85492
343.5621  60.85693
343.5611  60.85904
343.5714 60.86123
343.5004  60.86258
343.4505  60.86602
343.6247  60.86658
343.4441  60.87082
343.5268 60.87136
343.5765  60.87445
343.5296  60.87753
343.6386  60.88204
343.6166 60.88643
343.4977  60.89277
343.3749   60.8951
343.6483   60.89611
343.5249 60.90737
343.5232  60.90912
343.7951  60.90949
343.7443  60.91072
343.5094  60.91688
343.3692   60.91877
343.5485   60.92478
343.5887  60.80959
 343.397   60.92795
