343.7204  60.7225
343.6223 60.73097
343.4227 60.73835
343.5129  60.77423
343.6886  60.77863
343.6432  60.77864
343.7287   60.78943
343.6621  60.79035
343.5064  60.79501
343.5963  60.79577
343.6278  60.79755
343.5923  60.80434
343.5133   60.8046
 343.372    60.805
 343.595   60.80589
343.5748  60.80639
343.5955   60.8089
343.5829  60.81009
343.6534  60.81018
343.5728  60.81089
343.5613   60.81106
343.5724  60.81311
 343.614  60.81462
343.5865  60.81512
343.5757    60.816
343.5653 60.81638
343.6079    60.8173
343.5196  60.81997
343.5683  60.82457
343.5491  60.82679
 343.633   60.8276
343.5651   60.8307
343.5864  60.83119
343.5953  60.83156
343.5964  60.83444
 343.552  60.83506
343.6616   60.85373
343.7022  60.85421
343.5016  60.86181
343.3434  60.86516
343.5278   60.87059
343.5306  60.87675
343.6392 60.88129
343.3767  60.89425
343.6487  60.89536
343.5106  60.91607
343.5495  60.92398
 343.507  60.85351
343.5478   60.82734
 343.562  60.82523
343.5062  60.85285
