343.5547 60.92567
343.5481 60.9238
343.5513 60.92088
343.3702  60.91751
343.5093  60.91588
343.7438 60.91012
343.7487   60.9101
 343.523  60.90817
 343.777  60.90771
343.5247  60.90643
343.6478  60.89535
343.3757     60.894
343.4977  60.89184
343.6162  60.88567
343.6382   60.88129
343.5294  60.87665
343.5762  60.87364
343.5267     60.8705
343.4444  60.86988
343.4508 60.86508
343.5004  60.86168
343.5609   60.8582
343.5619  60.85608
 343.708  60.85504
343.5058  60.85325
343.5589  60.85449
343.7018  60.85419
 343.661 60.85369
343.5733   60.8529
343.5755  60.85071
343.5104  60.84889
343.6486  60.84765
343.5873  60.84583
343.5796  60.84547
343.5731 60.84452
343.5844  60.84353
343.5688  60.84306
343.5318  60.83959
343.5739  60.83795
 343.555  60.83762
343.5484  60.83789
343.5309  60.83737
343.6118  60.83647
343.5955  60.83434
 343.621  60.83639
 343.551  60.83495
343.6069   60.83472
343.5576  60.83444
343.5379  60.83439
343.6119    60.8337
343.5802 60.83328
343.5425   60.83295
343.5944  60.83143
343.5641  60.83058
343.5363  60.83188
343.6345  60.8304
343.5894  60.83157
343.5855  60.83108
343.5703  60.83081
343.6322  60.82747
343.5874  60.82901
343.5928  60.82909
343.6638   60.8283
343.5528  60.82819
343.6886  60.82787
343.5671  60.82469
343.5422  60.82741
343.5598  60.82738
343.5476  60.82688
 343.534 60.82667
343.4671  60.82655
343.5967  60.82628
343.5927  60.82602
343.5388  60.82441
343.5991 60.82528
343.6821   60.82427
343.6869  60.82489
343.5611  60.82508
343.4668    60.825
343.6264  60.82401
343.5789  60.82381
343.5524  60.82363
 343.632  60.82306
343.5908    60.821
343.5225 60.82272
343.5733  60.82192
 343.599  60.82182
343.5436  60.81985
343.5871  60.82143
343.6111  60.82058
343.5707  60.81822
343.5186  60.81982
343.5502  60.81958
343.6106 60.81815
343.6256   60.8191
343.6072   60.81711
343.6223   60.81888
343.5645  60.81622
343.5751  60.81842
343.5902  60.81824
343.5465  60.81777
343.5541  60.81733
343.6166  60.81702
343.5996  60.81654
343.5493  60.81582
343.5857   60.81495
343.5748  60.81583
343.5516   60.81386
343.5566 60.81336
343.5662  60.81393
343.6133  60.81444
 343.582  60.81421
343.5782  60.81358
343.5716   60.81293
343.5821   60.8099
343.5445  60.81122
343.5604  60.81089
 343.572   60.81069
 343.653  60.80997
343.6082  60.80998
343.6135  60.81001
343.5495  60.80953
 343.589   60.80947
343.6975 60.80893
343.5365  60.80893
343.5947  60.80869
343.5659    60.808
343.6131 60.80697
343.5741 60.80617
343.6523  60.80714
343.5395  60.80698
343.5083  60.80662
343.5703   60.80516
343.6021   60.80627
343.6953 60.80587
343.5942  60.80566
343.5629   60.8052
343.3709   60.80485
343.5852   60.8045
343.5123   60.8044
343.5916  60.80414
343.5784 60.80379
343.5591  60.80316
343.3647  60.80245
343.6022  60.80219
343.6095  60.80185
343.5864 60.80182
343.6088  60.79924
 343.618  60.79991
343.6127    60.79945
 343.635   60.79908
343.6417  60.79891
343.5944  60.79896
343.5999  60.79738
343.6272  60.79726
343.5664 60.79694
343.6194  60.79686
343.5893  60.79641
343.5956 60.79549
343.5053   60.7948
343.5688  60.79461
343.5895  60.79398
343.6017   60.7933
343.6264  60.79232
343.6619  60.79002
 343.729  60.78905
343.4232  60.78916
343.5776  60.78704
343.7152  60.78695
343.6699  60.78595
343.6097  60.78391
343.6887  60.77819
343.6206  60.77867
343.6428  60.77826
343.5108  60.77702
343.6211   60.7766
343.5626  60.77429
 343.512  60.77391
343.5538  60.77084
343.5594  60.77208
343.6001  60.77099
343.5977  60.76861
343.7761  60.76773
343.6682  60.76426
 343.538  60.76276
343.5181  60.76141
343.5932 60.76106
343.6763  60.75938
343.5021  60.73979
343.6849  60.73855
343.4217  60.73793
343.4719  60.73457
343.6208  60.73257
343.6221  60.73021
343.6252  60.72437
343.7212  60.72149
343.7422  60.71478
343.5713   60.8604
343.5154  60.85032
343.5435  60.83578
343.5756  60.83529
343.5649 60.80201
343.6312   60.8009
343.6948    60.7822
343.5874  60.83477
343.5826  60.81829
 343.719  60.78465
343.5197  60.76342
343.5957   60.8142
343.5064  60.77136
343.6131 60.88429
343.5758  60.78792
