343.7199 60.72246
343.6219  60.73099
343.4225  60.73853
343.5124  60.77427
343.6878  60.77849
343.6424  60.77853
343.7278  60.78922
343.6613   60.7902
343.5057    60.795
343.5954  60.79566
 343.627  60.79741
343.5914  60.80424
343.5125  60.80454
343.3714    60.80508
343.5941  60.80577
 343.574  60.80629
343.5946  60.80876
 343.582  60.80997
343.6524  60.80998
343.5603   60.81096
343.5715  60.81299
 343.613   60.81445
343.5855  60.81498
343.5748   60.81587
343.5644  60.81626
343.6069  60.81712
343.5187  60.81987
343.5673  60.82467
343.5475  60.82722
 343.632  60.82739
 343.564 60.83052
343.5853    60.831
343.5942  60.83137
343.5953  60.83425
343.5509 60.83489
343.5071  60.85247
343.5055  60.85268
 343.505  60.85375
343.6603  60.85341
343.7009  60.85386
343.5004  60.86162
343.5266  60.87033
343.5293  60.87649
343.6377 60.88092
343.3755  60.89411
343.6472  60.89493
 343.509   60.91572
343.5478  60.92356
