343.5045 60.91701
343.3707   60.89513
343.5245 60.87791
343.5217  60.87179
343.4394   60.87115
343.4953  60.86303
343.5266  60.84099
343.5459  60.83637
343.6835  60.82938
343.6269  60.82906
343.5424  60.82862
343.5425 60.82799
343.5558  60.82657
343.5133  60.82128
343.5592  60.81773
343.5695  60.81733
343.6081  60.81594
343.5462  60.81537
343.5663 60.81445
343.5667 60.81222
343.5768  60.81143
343.5898  60.81012
343.5687   60.8077
343.5889  60.80721
343.3653   60.80631
343.5069  60.80591
343.5862  60.80566
343.6219 60.79886
 343.561  60.79848
343.5902 60.79709
343.4999  60.79632
343.4176  60.79069
343.6374  60.77988
343.5064  60.77552
343.4157  60.73963
343.6164  60.73198
343.7155  60.72334
343.5435 60.92492
343.6432  60.89661
 343.697  60.85561
343.6561  60.85511
343.5904  60.83578
343.5893   60.83291
343.5804  60.83254
 343.559  60.83204
 343.562  60.82617
 343.602  60.81862
343.5804  60.81646
 343.555  60.81238
343.6478  60.81149
343.6566  60.79163
343.7238  60.79065
343.6833   60.77982
343.6335  60.88255
343.5011  60.85506
