26.54246 61.11479
26.32404 61.11517
26.31557 61.11602
26.63444 61.11928
26.68667 61.12215
26.31877 61.12316
26.44507 61.12328
  26.622 61.12644
26.74519    61.12645
26.65135 61.12808
26.61176 61.12828
26.32907  61.13014
26.55295 61.13005
26.43859 61.13249
26.53182 61.13319
26.43212 61.13282
26.40704 61.13282
26.71769 61.13258
26.64685  61.13607
26.46593  61.13664
26.52541  61.13986
26.46919  61.13884
  26.488  61.13928
26.52932  61.13957
26.32185   61.14088
26.60076  61.14091
26.46621 61.14189
26.62901  61.14244
26.54579  61.14343
26.47019  61.14489
26.65799  61.14545
26.51526  61.14605
26.39773 61.14655
 26.3928 61.14671
26.46626  61.14767
26.64136  61.15067
26.65996  61.1498
26.43072   61.15161
26.39926  61.15161
26.67264 61.15404
 26.4902  61.15372
 26.4511  61.15397
26.39895  61.15506
26.53273  61.15527
26.44295  61.15563
26.35533   61.1561
26.66023  61.15863
26.34468  61.15999
26.74029    61.16317
26.66101  61.16206
26.66554  61.16444
26.56901  61.16299
26.63908  61.16401
26.59955  61.16446
26.67703  61.16446
26.57854  61.16686
26.61264  61.16718
26.71195   61.1675
26.42287  61.16941
26.40312  61.17005
26.69948    61.17001
26.63539 61.17049
26.41124  61.17181
26.45573  61.17262
26.68498  61.17391
26.30362          61.1753
26.62321  61.17528
26.57321   61.17609
26.60162 61.17699
26.64569 61.17722
26.50087  61.17909
 26.6117  61.17952
26.63846   61.17939
26.31842  61.17995
26.66364  61.17951
26.52562  61.17997
 26.4974  61.18057
26.43942  61.18198
 26.5142  61.18283
26.69525  61.18387
26.49489  61.18781
26.56829  61.18567
26.65224 61.18623
26.49439    61.1899
26.55752  61.19359
 26.5289  61.19232
26.41165   61.1926
26.30713         61.19295
26.65265  61.19275
26.54387  61.19346
 26.5289  61.19747
26.69767  61.19396
26.53425  61.19463
26.64974   61.1958
26.40507  61.19633
26.42077  61.19733
 26.4743  61.19797
26.47156  61.19932
 26.3586  61.19977
26.71419   61.20167
 26.6891  61.19981
26.62358  61.20082
26.65098 61.20105
 26.5872  61.20118
26.64484  61.20476
26.49477  61.20315
26.33407  61.20376
26.53435 61.20408
 26.5403  61.20594
26.50082   61.20557
26.51456  61.20499
26.71822    61.2047
26.60773  61.20649
26.65105  61.20699
26.61518  61.20706
26.48248  61.20905
26.60659  61.20899
26.62702  61.21177
26.35257  61.21249
26.49689  61.21265
26.48346  61.21255
26.64065  61.21309
26.62591  61.21657
26.49942  61.21423
26.40839 61.21468
26.61752  61.21498
26.59674  61.21586
26.41446  61.21639
26.67246  61.22086
26.32966   61.21887
26.50984 61.22064
26.61809 61.22277
26.33039  61.22419
26.40414   61.2235
26.52535  61.22757
26.70515  61.22364
26.59128  61.22419
26.52031 61.22818
26.64079   61.2261
26.61535   61.22696
26.64822  61.22752
26.55833  61.22883
26.61916  61.23066
26.31247 61.23116
26.60087  61.23384
26.46493  61.23249
26.45853  61.23254
26.60977  61.23275
26.66235    61.235
 26.5377  61.23294
26.48356  61.23474
26.56612   61.2342
26.31264  61.23613
26.61204  61.23645
26.58321  61.23662
26.65549  61.23815
26.60435  61.23756
26.58417  61.23934
26.73102   61.23817
26.51045   61.23954
26.69684  61.24201
26.72865   61.24054
26.56853  61.24087
26.47515  61.24114
26.62756  61.24143
26.57119   61.24235
26.61016   61.2444
26.45112  61.24661
26.38634  61.24686
26.71849    61.24719
26.70567  61.24873
26.50845  61.25065
26.59963  61.25315
26.67667  61.25432
26.58346  61.25586
26.68041  61.25595
26.64772  61.25618
26.54242   61.2568
26.69994  61.25756
26.59919   61.2581
26.54667  61.26058
26.58159  61.26363
26.47821  61.26301
26.64797  61.26327
26.71097  61.26566
26.45163   61.26512
26.64216    61.2663
26.59886    61.268
26.69013   61.2685
26.48458  61.26892
26.62065 61.27032
26.60503  61.27126
26.37448    61.2733
26.44901  61.27351
26.42692  61.27375
26.52618   61.27539
26.63825  61.27731
26.64026   61.27996
26.48922  61.28151
26.69584  61.28137
26.61101    61.285
 26.4243  61.28741
26.67437  61.28718
26.38386  61.29466
26.65015    61.2942
26.65773  61.29513
 26.5631  61.29722
26.65603  61.30004
26.37239  61.30267
26.61583  61.30404
26.52114  61.30788
26.40237  61.31005
26.67019  61.31255
26.35262  61.31986
26.47345  61.32097
26.50847   61.3208
26.71394  61.32432
 26.3246  61.32802
26.41098 61.13026
26.42679  61.19406
26.74791   61.20819
26.65233  61.25318
26.64382  61.26245
26.49871 61.26709
26.70299 61.11468
26.53534 61.11586
26.42804  61.15052
26.50486  61.21123
26.57072 61.11442
26.75203   61.25376
