 26.6346 61.11953
26.44532 61.12342
26.74447 61.12679
26.76345  61.12913
26.55319 61.13024
26.61193 61.12849
26.40732 61.13292
26.60093  61.14106
26.64151  61.15086
26.53295 61.15538
26.44316  61.15571
26.34491         61.16006
26.74031  61.16334
26.66567  61.16459
26.61281  61.16731
26.42307  61.16946
26.45597  61.17267
26.62336   61.1754
26.64578  61.17733
26.43962 61.18202
26.65276  61.19282
26.55769  61.19364
26.52909   61.19753
26.69776   61.19405
26.40526  61.19634
26.47458  61.19799
26.47179  61.19936
26.68924  61.19989
26.64493   61.20483
26.75593   61.20262
26.49495  61.20318
26.53452  61.20412
26.54047 61.20595
26.61532   61.2071
26.60671  61.20903
26.48364  61.21254
26.49707  61.21265
26.49962  61.21422
26.41463  61.21637
26.62601  61.21659
26.51001  61.22064
26.67256   61.22089
26.61826  61.22275
 26.5914  61.22419
 26.5255  61.22755
26.64833  61.22752
26.52036  61.22828
26.76023   61.22977
26.61926  61.23065
26.60988  61.23274
26.60097   61.23383
26.48366   61.23481
26.66244  61.23501
26.61213  61.23643
26.73105  61.23817
26.58428  61.23931
26.61025  61.24439
26.45129  61.24657
26.38649  61.24675
26.71855  61.24718
26.59903   61.25822
26.64387  61.26246
26.58165  61.26357
26.71099  61.26563
26.52626   61.2753
26.48931  61.28141
26.37248  61.30252
 26.5212  61.30776
26.47353  61.32079
26.71392  61.32422
26.66598  61.23405
26.64796  61.26327
 26.6276  61.24143
26.58346  61.25583
26.76531    61.2921
