26.54245 61.11481
26.32414 61.11519
26.31563 61.11603
26.63436 61.11929
26.44512  61.1233
26.32917 61.13018
 26.6117  61.1283
26.55294 61.13007
26.40712 61.13282
26.46598 61.13665
26.60071  61.14092
26.47022  61.14491
26.64132  61.15071
26.39933  61.15164
26.53272   61.15529
26.44298  61.15565
26.34477  61.16004
26.63901  61.16404
26.67696  61.16448
26.66547  61.16446
 26.6126  61.16722
26.42289  61.16944
26.40318  61.17009
26.45577   61.17266
26.62319   61.1753
26.64563 61.17725
26.49742    61.1806
26.51422  61.18287
26.43946  61.18201
 26.6526  61.19276
 26.5575  61.19362
26.69757  61.19397
26.53426  61.19468
26.40514  61.19638
26.52891  61.19751
26.47433  61.19803
 26.4716  61.19936
26.49479  61.20319
26.68902  61.19983
26.53436   61.2041
26.64476  61.20479
 26.5403 61.20596
26.60657    61.209
26.61513  61.20707
26.65101    61.207
26.49693  61.21268
26.48349  61.21257
26.49944  61.21422
26.41454  61.21642
26.62586 61.21658
26.67238  61.22087
26.50986 61.22067
26.33052  61.22421
26.61788   61.2228
26.59123  61.22421
26.52023   61.2283
26.52535 61.22759
26.64816  61.22753
26.55831  61.22885
 26.6191 61.23067
 26.6097    61.23276
26.60081   61.23386
26.66228 61.23501
26.48353  61.23486
26.61198  61.23646
26.73091   61.23817
26.58414  61.23935
26.62751  61.24145
26.61013  61.24442
26.45118  61.24664
26.38645  61.24685
26.71842   61.24719
26.59896  61.25829
26.58336  61.25588
26.64373  61.26252
26.64789 61.26328
26.58156  61.26365
26.71089  61.26566
26.52619  61.27539
26.64021  61.27996
26.48927  61.28152
26.67428  61.28718
26.37248  61.30267
26.52117  61.30786
26.40244 61.31004
26.35267  61.31986
26.47352  61.32095
26.71386 61.32431
26.74022   61.16315
26.74561  61.12649
26.74196     61.16313
