26.54246 61.11494
26.32433 61.11531
26.31591 61.11615
26.63431 61.11944
26.68655 61.12232
26.31911 61.12329
26.44524 61.12339
26.69817 61.12439
 26.6219  61.1266
26.65126 61.12824
26.61166  61.1284
26.32939 61.13026
26.55295 61.13017
26.41123 61.13041
26.43878 61.13258
26.71752  61.13272
26.43226 61.13293
26.40723 61.13292
26.53187 61.13329
 26.6467  61.13619
26.46608  61.13673
26.52547   61.13997
26.48811  61.13938
26.46932  61.13894
26.52937  61.13968
26.32216  61.14099
26.60069   61.14101
26.46632  61.14198
26.62893   61.14256
26.54581  61.14353
26.65786  61.14555
 26.4703  61.14499
26.51534  61.14613
26.39793  61.14664
  26.393   61.1468
26.46638  61.14776
26.64125 61.15078
 26.6598  61.14991
26.42776  61.15062
26.43092   61.1517
26.39949 61.15169
 26.4903  61.15381
26.45124    61.15406
26.67251  61.15414
26.39917  61.15514
26.53276  61.15532
26.44309   61.1557
 26.3556  61.15618
26.63783  61.15631
26.64371  61.15806
26.66014   61.15872
26.34498  61.16007
26.74009   61.16329
26.66087    61.16214
 26.6654  61.16452
  26.569  61.16306
26.63897  61.16411
26.59956 61.16462
26.67689  61.16456
26.57853  61.16694
26.61256  61.16728
26.71181   61.16758
26.42303  61.16947
26.40332   61.17011
26.69935  61.17011
26.63531  61.17058
26.41143  61.17186
26.45587  61.17268
26.68482    61.174
26.30398         61.17533
26.62315  61.17535
26.57319  61.17615
26.60157  61.17707
26.64561    61.17728
26.35763  61.18045
26.50097  61.17914
26.31876  61.17998
26.61166  61.17959
26.66349  61.17959
26.63834  61.17945
26.52567  61.18005
26.49748  61.18061
26.43959   61.18201
26.69836  61.18214
26.51427  61.18291
26.69509 61.18396
26.56829  61.18575
26.65212  61.18629
26.49499  61.18787
26.49448  61.18995
26.41187  61.19262
26.52892  61.19238
26.30749         61.19295
26.65256  61.19278
26.54388   61.1935
26.52891  61.19751
26.55752 61.19364
26.42697 61.19409
26.69748  61.19402
26.53428  61.19468
26.68674  61.19529
26.64958 61.19584
26.40528  61.19635
26.42096  61.19735
 26.3589  61.19978
26.47445    61.198
26.47168  61.19936
26.65088   61.2011
 26.6235  61.20085
26.68897  61.19986
26.58717   61.20123
26.71402   61.20171
26.64468   61.2048
26.49487  61.20317
26.33438 61.20378
26.53439   61.2041
26.54033  61.20596
26.50091  61.20559
26.51463  61.20502
26.71806    61.20476
26.60765   61.20645
26.61509  61.20708
26.65095  61.20702
26.36772  61.20889
 26.4826  61.20906
26.60654  61.20901
26.31691   61.2103
26.46492  61.21288
26.50489  61.21121
 26.6269  61.21179
26.40861  61.21467
26.48358  61.21255
26.35286  61.21251
26.49698  61.21265
26.65379  61.21269
26.64055   61.2131
26.62583  61.21657
26.49949  61.21422
26.61738  61.21503
26.59668  61.21587
26.41468   61.21637
26.32999  61.21887
 26.5099  61.22063
 26.6723  61.22088
26.61805  61.22277
26.33075  61.22416
26.40438  61.22349
26.52539   61.22756
26.70499  61.22363
26.59122  61.22419
26.52033  61.22819
26.64066   61.2261
26.61528  61.22695
26.64811  61.22751
26.55832  61.22882
26.61905  61.23064
26.31287  61.23112
26.60078  61.23382
26.46508  61.23246
26.45869  61.23252
26.60967  61.23274
26.53772  61.23292
26.56611 61.23418
 26.6622  61.23499
26.31298  61.23608
26.61193  61.23643
26.58314  61.23658
26.65539  61.23814
26.60428  61.23754
 26.4836  61.23474
26.58413  61.23931
26.73083   61.23816
26.62299  61.23891
26.51051  61.23952
26.69664  61.24201
26.56847  61.24084
26.72848   61.24052
26.47527   61.2411
26.62747  61.24141
26.57116  61.24234
26.61009  61.24438
26.41362  61.24504
26.38658  61.24681
26.45128  61.24657
26.71834  61.24716
26.70834  61.24853
26.70548   61.2487
26.50852    61.2506
26.72952   61.25212
26.59954  61.25312
26.65216  61.25317
26.59912  61.25819
26.67651  61.25428
26.58341  61.25581
26.68027  61.25592
26.64758  61.25613
26.54244  61.25676
26.69975  61.25752
26.58718  61.25894
26.54667  61.26054
26.64369  61.26242
26.58155 61.26356
26.47832  61.26294
26.64778  61.26322
26.71079  61.26561
26.45181  61.26504
26.64201 61.26624
26.46618   61.2676
26.49878  61.26703
26.59878  61.26793
26.68996  61.26844
26.48467   61.26884
26.62055  61.27025
26.60497    61.2712
26.37477  61.27322
26.44918   61.27342
26.52621  61.27529
26.42714  61.27366
26.42278  61.27555
26.63812 61.27721
26.48929  61.28141
26.64017  61.27987
26.69566  61.28131
26.61094  61.28491
26.54724  61.28426
26.42449  61.28729
 26.6742  61.28708
26.65001  61.29411
26.38412 61.29452
26.65758  61.29503
26.54562  61.29731
 26.5631  61.29711
26.65587  61.29995
26.37269  61.30252
26.61576  61.30393
26.72399   61.30459
26.52118 61.30774
26.40261   61.30987
26.67003  61.31246
26.50855 61.32063
26.35293  61.31966
26.47356   61.3208
26.71374 61.32421
26.46474  61.32454
26.38352  61.32743
26.32494  61.32781
26.34908   61.32997
26.60123 61.11586
26.32453 61.11626
26.74435  61.12663
26.70844 61.16881
26.63718  61.21497
 26.5272    61.2339
26.67641  61.15294
26.73811   61.16151
26.64319  61.17849
26.49814  61.19456
26.30502 61.11481
26.57067 61.11464
26.31606 61.11513
26.53543 61.11552
26.74241     61.16326
26.74163   61.26733
