26.44561 61.12355
26.74357  61.12692
  26.553 61.13034
26.61154  61.12861
26.33019 61.13036
26.40778 61.13306
26.60057  61.1412
26.64103  61.15098
26.53287  61.15549
26.44349 61.15583
26.34566  61.16015
 26.7394   61.16346
26.66501   61.1647
 26.6124   61.16742
 26.4235  61.16957
26.45618  61.17279
26.62292  61.17549
26.57318   61.1763
26.64528  61.17744
26.43997  61.18211
26.51443    61.183
26.65223  61.19292
26.55749 61.19374
  26.529  61.1976
26.69696  61.19412
26.40581 61.19641
26.47474  61.19806
26.47193  61.19944
26.68849   61.19997
26.64441   61.2049
26.75538     61.20258
26.49504  61.20325
26.53443  61.20418
26.54039  61.20604
26.61492  61.20719
26.60636  61.20911
26.48378  61.21262
26.49717  61.21271
26.49965  61.21429
26.41511 61.21642
26.62556  61.21666
26.67187  61.22096
26.51002  61.22071
26.61784  61.22284
26.33148  61.22417
26.59109  61.22426
26.52551   61.22762
26.64778  61.22759
26.52036  61.22832
26.61883  61.23071
26.60947   61.2328
26.60059    61.2339
26.48379  61.23484
26.66179  61.23506
26.61173  61.23649
26.73015   61.23826
26.58401  61.23937
26.62713   61.24148
26.60984  61.24444
26.45159   61.2466
26.38712  61.24677
26.71771  61.24724
26.58322  61.25584
26.59872 61.25826
26.64333  61.26249
26.64744   61.26328
26.58138  61.26359
26.71018  61.26568
26.52626   61.2753
26.63982  61.27991
26.48947   61.2814
26.67373  61.28712
26.37317  61.30249
26.52122  61.30771
26.47374  61.32074
26.35346   61.3196
26.71307   61.32419
26.69798  61.33572
26.31975 61.12333
26.75923    61.22983
