26.63448 61.11956
26.44529 61.12343
26.74437 61.12687
26.76329  61.12919
26.61183 61.12851
26.55311 61.13024
26.43884 61.13263
26.40728  61.13293
26.46614   61.13677
26.52562  61.14001
26.60085    61.1411
26.47036   61.14502
26.64145  61.15089
26.39949   61.1517
 26.5329  61.15538
26.44312  61.15571
26.35558  61.15617
26.66026 61.15883
26.34493         61.16005
26.74021  61.16339
26.66103   61.16225
26.66559  61.16463
26.67707  61.16465
26.63914  61.16419
26.57867  61.16699
26.61275  61.16734
26.42303   61.16946
 26.6995  61.17019
26.40331   61.1701
 26.4559  61.17268
26.68498  61.17408
26.62331  61.17541
26.57335  61.17621
26.57829  61.17631
26.60173   61.17713
26.64576  61.17737
26.50099  61.17915
26.49757  61.18063
26.43957   61.18201
26.51884 61.18304
26.51436  61.18291
26.65272  61.19286
26.69765  61.19409
26.55766  61.19367
26.52907  61.19755
26.53442  61.19472
26.40525  61.19634
26.47452  61.19799
26.47171  61.19937
26.68914  61.19993
26.35878  61.19974
26.62364 61.20089
 26.5873  61.20125
26.75582   61.20266
 26.6449  61.20486
26.49491   61.2032
 26.5345 61.20412
26.51471  61.20505
26.54045  61.20597
26.65113    61.20707
26.61527  61.20713
26.74784   61.20831
26.60666  61.20905
26.48362  61.21257
26.49704  61.21268
26.64071 61.21316
26.49958  61.21424
26.59683  61.21591
26.41462  61.21637
26.62597  61.21662
26.67248  61.22092
26.50998  61.22065
26.61817   61.2228
26.52685  61.22505
26.59139  61.22422
26.52547  61.22756
26.64831  61.22756
26.52019  61.22825
26.55843  61.22885
26.76016   61.22981
26.61925 61.23068
26.60988  61.23277
26.60096  61.23387
26.48351   61.2348
26.66238  61.23504
26.61212  61.23646
26.73096  61.23821
26.58428  61.23934
26.69671  61.24205
26.47527  61.24111
 26.6276  61.24146
26.61024  61.24441
26.38648  61.24673
26.45124   61.24657
26.71847  61.24722
26.59972  61.25316
26.59887  61.25821
26.58165  61.2636
 26.6438  61.26248
26.64798  61.26328
26.71094  61.26567
26.59895  61.26796
26.37459   61.2732
26.44909  61.27341
26.52625  61.27531
 26.4893  61.28142
26.64033  61.27991
26.42444 61.28725
26.67437  61.28714
26.76525   61.29212
 26.3839  61.29451
26.37243  61.30251
26.52122  61.30777
26.40239  61.30987
 26.4735  61.32081
26.35262  61.31967
26.50851  61.32068
26.71392  61.32425
26.58473  61.24147
26.66567  61.23411
