26.61148  61.1286
26.55275 61.13024
26.32874 61.12984
26.40672 61.13268
26.46565 61.13661
26.60049 61.14117
26.46992 61.14486
26.64116  61.15102
26.39898  61.15143
26.53251  61.15535
26.44263  61.15553
26.34441 61.15967
26.73999   61.16369
26.63884  61.16431
26.67682  61.16484
26.66532  61.16479
26.61242  61.16741
26.42254  61.16924
26.40281  61.16983
26.45548  61.17251
26.62299  61.17551
26.64545   61.1775
26.49715  61.18052
26.43914   61.1818
26.51397  61.18281
26.65249  61.19299
26.55731  61.19364
26.69747   61.1943
26.53402  61.19464
26.40478  61.19604
26.52869  61.19746
  26.474  61.19786
26.47135  61.19916
26.68893  61.20013
26.49453  61.20304
26.53414 61.20405
26.64465 61.20497
26.54013   61.2059
26.60639   61.2091
26.65091 61.20717
26.61498  61.20719
 26.4967  61.21251
26.48323  61.21239
26.49911  61.21405
 26.4142  61.21606
26.62573  61.2167
26.50963  61.22051
26.67229  61.22107
26.61777   61.2229
26.33025  61.22364
 26.5911  61.22422
   26.52  61.22815
26.52462  61.22751
26.64806  61.22766
26.55812  61.22879
26.61895  61.23075
 26.6096   61.2328
26.60067  61.23387
26.66219  61.23516
 26.4833  61.23461
26.61186  61.23649
26.73084   61.23846
26.58399 61.23931
26.62739  61.24151
26.61003  61.24441
26.45091  61.24627
26.38616  61.24634
26.71838  61.24742
26.58326  61.25578
26.59884  61.25824
26.64367  61.26254
26.64762  61.26325
26.58145 61.26353
26.71084   61.26582
26.52601  61.27512
26.64014   61.27992
26.48906  61.28115
26.67423   61.2872
26.37223    61.302
26.52096   61.30753
26.40213   61.3094
26.35243  61.31908
26.47328  61.32045
26.71379  61.32434
26.69865  61.33583
26.75563     61.203
26.76143      61.2301
26.75135   61.25406
