26.44566 61.12357
 26.6114 61.12865
26.55295  61.1304
26.64087  61.15099
26.53282  61.15549
26.44351   61.15583
26.61228  61.16743
26.65208 61.19292
26.52899    61.1976
26.64427  61.20492
26.49505  61.20325
26.75475    61.20273
 26.6148   61.20717
26.49714   61.2127
26.48378   61.2126
26.49967  61.21427
26.67174  61.22096
26.59101  61.22425
26.52545  61.22759
26.52034   61.22831
 26.4838  61.23483
26.66169  61.23506
26.45163  61.24657
26.38721  61.24673
26.59869  61.25824
26.64324 61.26246
26.64738  61.26324
26.58135  61.26357
26.71003 61.26563
26.52621   61.27527
26.48948  61.28137
26.37326  61.30243
26.52123  61.30767
26.47377  61.32069
26.69788    61.33564
26.76229  61.12927
26.66499  61.23409
