26.44573 61.12364
26.74322  61.12706
26.75845  61.12779
26.55296 61.13047
26.61138  61.12872
26.33479 61.12958
26.33042 61.13046
26.43928 61.13284
26.40792 61.13313
26.71665 61.13307
26.46644 61.13697
26.52559 61.14023
26.60045   61.1413
26.47065  61.14521
26.64083  61.15107
26.40017  61.15188
26.67185   61.15442
26.53285  61.15556
26.44356  61.15589
 26.3565  61.15636
26.34591  61.16024
26.73909   61.16356
26.66031   61.1624
26.66481  61.16477
26.63852  61.16434
26.67626  61.16481
26.57839  61.16714
26.61225  61.16749
26.42358  61.16963
26.40396  61.17027
 26.6986   61.17035
26.45628  61.17284
26.68412  61.17422
26.62276  61.17555
26.57308  61.17635
26.57795  61.17645
26.60128  61.17726
26.64514    61.1775
26.64262   61.17874
26.50116  61.17928
 26.4977  61.18077
26.51442   61.18304
26.44003  61.18216
26.53433  61.19481
26.65204 61.19297
26.55746  61.19378
26.69673    61.1942
26.40591  61.19643
 26.4215  61.19744
26.52901  61.19764
26.47479  61.19808
26.47199  61.19946
26.35973  61.19985
26.68825 61.20003
26.58695   61.20134
26.62312    61.201
26.64424  61.20494
26.75464  61.20275
26.49506  61.20327
26.53443  61.20421
26.54037  61.20605
26.51474   61.20512
26.64384  61.20691
26.65044  61.20714
26.61478   61.2072
26.74671   61.20839
26.60623  61.20911
 26.3537   61.21256
26.49717   61.21273
26.48382  61.21263
 26.4997    61.21431
26.59641  61.21596
26.41521 61.21642
26.62542  61.21669
26.51005   61.2207
26.67166  61.22097
26.62006   61.2226
26.61741  61.22291
26.59099 61.22427
26.33168  61.22417
26.52547   61.22762
 26.6476   61.2276
26.52032  61.22831
26.55822   61.2289
26.75888  61.22985
26.62229  61.23053
 26.6187  61.23074
26.60936  61.23279
26.66521  61.23408
26.66161  61.23506
26.48383  61.23483
 26.6005  61.23388
26.61162  61.23648
26.72987   61.23824
26.58393  61.23936
26.69576  61.24209
26.47555  61.24111
26.58177  61.24124
26.62704  61.24147
26.58451  61.2415
26.60976    61.2444
26.45166  61.24655
26.38723  61.24673
26.71744  61.24723
26.50861  61.25058
26.59927  61.25313
26.59855  61.25821
26.58317   61.2558
26.64313  61.26245
26.58133  61.26354
26.64732  61.26322
26.70994  61.26562
26.59851   61.2679
26.37546   61.27312
26.44953  61.27335
26.52624   61.27524
26.42759  61.27359
26.48949  61.28133
26.63967  61.27982
26.42501  61.28716
26.67354  61.28703
26.38475  61.29438
26.65531  61.29984
26.37335  61.30235
 26.5212   61.3076
26.40314  61.30969
26.66936  61.31233
26.47379   61.3206
26.35367  61.31945
 26.5086   61.32046
26.71288  61.32406
26.32582         61.32758
26.69779   61.33558
26.76215  61.12938
26.52682  61.22494
26.76522   61.18316
26.44651  61.24619
26.76402   61.29204
26.52698  61.19525
