329.0469 -17.8151
328.9839 -17.8136
329.0834 -17.8096
329.0393 -17.80934
329.0897 -17.80791
329.0197 -17.80851
328.9817 -17.80757
328.9712 -17.80753
329.0745 -17.80581
328.9907 -17.80469
329.0355  -17.8011
328.9921 -17.79923
329.0489 -17.79441
328.9684 -17.79519
329.0593    -17.792
329.0128 -17.79206
328.9829 -17.79231
328.9538 -17.79245
329.0551 -17.78906
329.0553 -17.78679
329.0817 -17.78552
 329.048 -17.78563
329.0606 -17.78509
329.0568  -17.7852
329.0279 -17.78416
329.0392  -17.78372
328.9762 -17.78336
328.9696 -17.78304
 329.068 -17.78129
328.9871 -17.78107
329.0632 -17.77884
329.0426 -17.77834
 329.026 -17.77812
329.0355 -17.77734
329.0501 -17.77692
329.0008 -17.77561
328.9816 -17.77499
329.0064 -17.77402
329.0522 -17.77095
329.0522 -17.76668
329.0207 -17.7667
329.0672 -17.76557
329.0129 -17.76614
328.9701 -17.76573
328.9752   -17.765
329.0111 -17.76431
 328.993 -17.76429
329.0965  -17.76205
328.9921  -17.7634
328.9546  -17.7637
329.0643 -17.76177
329.0425 -17.76155
329.0304 -17.76152
329.0726 -17.76038
329.0864 -17.75952
328.9998 -17.76076
329.0129 -17.75993
329.0495  -17.7588
329.0063 -17.75943
329.0148 -17.75868
329.0494 -17.7575
329.1038  -17.75647
329.0516 -17.75731
329.0397 -17.75749
329.0837 -17.75585
329.0368 -17.75628
328.9959 -17.75465
329.0004   -17.7545
329.0481 -17.7534
329.0012 -17.75345
329.0335 -17.75181
 328.973  -17.75249
329.0431 -17.75118
329.0046 -17.74917
329.0585 -17.74804
329.0414 -17.74731
329.0404  -17.7471
329.0316 -17.74637
329.0097 -17.74454
329.0504 -17.74383
329.0077  -17.74412
329.0082 -17.74405
329.0206  -17.7435
329.0875 -17.74159
329.0408 -17.74194
329.0376 -17.74063
329.0137 -17.74092
329.0347 -17.73996
328.9955   -17.74
 328.996 -17.73995
 329.055  -17.73881
329.0383 -17.73818
329.0778 -17.73627
329.0291 -17.73644
328.9929 -17.73589
329.0434 -17.73479
329.0667 -17.73408
329.0376 -17.73295
 328.985 -17.73241
328.9635  -17.7326
329.0735 -17.73041
329.0341 -17.72725
329.0596 -17.72599
329.0287 -17.72556
329.0486 -17.72085
  329.05 -17.72029
 329.028 -17.72047
329.0708  -17.7183
329.0337  -17.71749
328.9594 -17.71526
 328.984 -17.71473
328.9767 -17.71469
329.0096 -17.71307
329.0473  -17.70937
328.9973 -17.70925
329.0585  -17.7044
329.0885  -17.70051
328.9624 -17.70118
329.0523 -17.69605
328.9585        -17.69595
329.0076 -17.69172
328.9684 -17.69097
329.0962   -17.6875
329.0033 -17.68331
328.9918 -17.6834
329.0712 -17.67969
328.9986 -17.79331
328.9554        -17.78869
328.9554        -17.78558
329.0563 -17.73944
329.0339 -17.72394
328.9519 -17.68474
 329.106  -17.74879
328.9538        -17.68527
