26.44564 61.12353
 26.7434  61.12693
  26.553 61.13035
26.61145 61.12861
26.33458 61.12945
26.33024 61.13033
 26.4392 61.13271
26.40781 61.13302
26.46639  61.13687
 26.6005  61.14118
26.47063   61.1451
26.64094  61.15095
26.40004 61.15178
26.53287  61.15546
 26.4435  61.15579
26.35631   61.15624
26.34572  61.16013
26.66045  61.16231
26.73927   61.16344
26.63862  61.16425
26.67638  61.16472
26.66497   61.1647
26.57844 61.16706
26.61233  61.1674
26.42352  61.16953
26.40385  61.17017
26.45623 61.17275
26.62288  61.17548
26.57313  61.17627
26.64523  61.17743
26.49769   61.1807
26.43999   61.1821
26.51443 61.18296
26.65215  61.19289
26.55748    61.1937
26.69686  61.19412
26.53433  61.19475
26.52901  61.19757
 26.4058   61.1964
26.47477  61.19805
26.47194  61.19942
26.35956  61.19982
26.68837  61.19996
26.62322   61.20094
26.58703  61.20132
26.64433  61.20489
26.49503  61.20323
26.75479   61.20271
26.53443  61.20418
26.54038  61.20601
26.64394  61.20687
26.65055     61.2071
26.61486 61.20715
26.74686   61.20835
26.60631  61.20907
26.49714   61.2127
26.48379  61.21262
26.49966  61.21429
26.41514   61.2164
26.62552  61.21667
26.51002   61.2207
26.67177  61.22095
26.62005  61.22261
26.61751   61.2229
26.59105  61.22426
26.52683  61.22505
 26.3315 61.22417
26.52548   61.2276
26.64769 61.22758
26.52033  61.22831
26.55825 61.22889
 26.7591   61.22985
26.61877  61.23072
26.60943  61.23278
 26.4838  61.23483
26.66513  61.23408
26.60055  61.23388
26.66173  61.23505
26.61167  61.23648
26.73004   61.23822
26.58398  61.23936
26.69598  61.24208
26.47551  61.24111
 26.6271  61.24148
26.60982  61.24441
26.44654   61.2462
26.38711  61.24674
26.45158  61.24656
26.71757  61.24724
26.58321  61.25582
26.59863  61.25823
26.58137   61.26356
26.64323  61.26248
 26.6474   61.26325
26.71008  61.26563
26.37529  61.27318
26.44943  61.27339
26.52625  61.27527
26.63975  61.27984
26.48947  61.28137
26.67365  61.28706
26.38456    61.29446
 26.3732  61.30245
26.52116  61.30771
26.40299   61.3098
26.47373  61.32073
26.35347  61.31957
26.50857  61.32057
26.71298  61.32415
26.69787   61.33568
26.76231  61.12925
26.76416   61.29208
26.76681   61.18308
26.75868  61.12771
