26.31984        61.12341
26.44558 61.12356
26.74349  61.12692
26.55289 61.13036
26.61145  61.1286
26.33009 61.13036
26.43909 61.13271
26.40774 61.13304
26.46631 61.13687
 26.6005  61.1412
26.47055  61.14511
26.64092   61.15098
26.39995   61.1518
26.53278  61.15549
26.44344  61.15582
26.34563  61.16014
26.73938   61.16347
26.66045  61.16233
26.63863  61.16427
26.66495  61.16471
26.67642 61.16473
26.57839  61.16708
26.61233  61.16743
26.42344  61.16956
 26.4038   61.17019
26.45614  61.17278
26.62281  61.17549
26.57307  61.17629
26.64524 61.17744
26.64262  61.17875
 26.4976   61.18072
26.43992  61.18212
26.51435  61.18299
26.55742  61.19374
26.52893   61.19762
26.53425  61.19478
26.40576  61.19643
26.47469  61.19809
 26.4719   61.19944
26.62318  61.20097
26.58694  61.20134
26.64434  61.20493
26.49498  61.20326
26.53437  61.20421
26.54033  61.20605
26.65055  61.20713
26.61482  61.20719
26.60624  61.20911
26.49707  61.21273
26.48373  61.21263
 26.4996   61.2143
26.41508  61.21643
26.62547  61.21669
26.50997  61.22071
26.67184  61.22099
26.61779   61.22285
26.59103 61.22427
26.52677 61.22507
26.33144  61.22418
26.52544  61.22762
26.64774  61.22762
26.52029  61.22833
26.55819   61.2289
26.61879  61.23075
26.60943 61.23282
26.66529   61.23412
26.60056  61.23391
26.48375  61.23484
26.66176  61.23509
 26.6117  61.23651
26.58398 61.23939
  26.696   61.2421
26.62709   61.2415
 26.6098  61.24444
26.45155  61.24659
26.38705 61.24677
26.58325   61.25585
26.59873  61.25827
 26.6433   61.2625
 26.6474  61.26328
26.58136  61.26359
26.37528   61.2732
26.44944  61.27341
26.52626  61.27531
26.63979  61.27991
26.48942   61.2814
26.67366  61.28712
26.38456  61.29448
26.37319  61.30247
26.52121   61.30774
26.40299  61.30982
26.47377  61.32075
26.35352  61.31958
26.50861  61.32061
26.71298  61.32418
 26.6979   61.33571
26.65224  61.19291
26.69703  61.19413
26.68852  61.19998
  26.755    61.2027
26.74706   61.20835
 26.7593  61.22986
26.73022   61.23825
26.71023  61.26567
26.71771  61.24724
26.47546  61.24114
 26.7607     61.22971
