26.44567 61.12355
26.74335  61.12693
26.55296 61.13038
26.61139 61.12862
26.33028 61.13039
26.40782  61.13305
26.60044  61.14119
26.64089  61.15095
26.53282  61.15547
 26.4435 61.15582
26.34578  61.16017
26.73923   61.16346
26.63858 61.16426
26.67632  61.16473
 26.6649  61.16468
26.61228   61.1674
26.42352  61.16956
26.45623   61.17277
26.62283  61.17549
26.57308  61.17628
26.64518 61.17742
26.43998  61.18211
26.51438  61.18299
26.65209  61.1929
26.55746  61.19373
26.69682  61.19414
26.52898  61.19761
26.40581  61.19644
26.47475  61.19807
26.47195  61.19944
26.68833  61.19996
26.75475   61.20269
26.64428   61.2049
26.49503 61.20325
 26.5344   61.20419
26.54034  61.20603
26.61481  61.20716
26.60627  61.20909
26.49713  61.21271
26.48378  61.21262
26.49966  61.21428
26.41514  61.21642
26.62547  61.21665
26.51002  61.22069
26.62001   61.22259
26.67173  61.22094
26.61746  61.22287
26.33155  61.22419
26.59101  61.22424
26.64765  61.22756
26.52544  61.22759
26.52034  61.22831
26.55822  61.22888
26.75903   61.22981
26.61873   61.2307
26.60938  61.23276
 26.6653  61.23405
26.60052  61.23386
26.48381  61.23483
26.66169  61.23503
26.61164  61.23646
26.72998  61.23822
26.58394  61.23934
26.62708  61.24146
26.60979   61.2444
26.45159   61.24658
26.38713  61.24676
26.71753  61.24721
26.59867    61.25823
26.58319   61.2558
26.64738  61.26324
26.64325 61.26247
26.58135    61.26356
26.71005  61.26562
26.52621  61.27527
26.63972  61.27986
26.48946  61.28137
26.67361  61.28707
26.37323  61.30246
 26.5212  61.30771
26.47372  61.32073
 26.3535  61.31959
26.50858  61.32058
26.71297  61.32414
26.69788  61.33567
 26.7623  61.12929
26.64391  61.20681
26.76414  61.29207
26.68602 61.12152
26.38458  61.29446
