 26.5425 61.11478
26.32416  61.11517
26.31568  61.11601
26.63444  61.11926
26.31888  61.12316
26.44515 61.12326
26.32919 61.13013
26.62201 61.12642
26.61176 61.12826
26.55298  61.13003
26.41103 61.13027
26.53186 61.13317
26.43867 61.13248
26.43218  61.1328
26.40715 61.13281
  26.466  61.13663
26.46926  61.13884
26.52936 61.13956
26.52547  61.13986
26.60076   61.1409
26.46627  61.14189
26.54582  61.14342
26.47026  61.14489
26.39782  61.14656
26.64136  61.15069
26.65992  61.14979
26.39935  61.15161
26.49026  61.15372
26.39904  61.15506
26.53276  61.15526
26.44303 61.15564
26.35542  61.15612
26.66023  61.15863
26.34478   61.16001
26.74026     61.16316
26.66099  61.16206
26.63909  61.16401
26.66554   61.16444
26.67701  61.16446
26.57857  61.16686
26.61265  61.16719
26.42295   61.1694
26.40321  61.17005
26.69947     61.17
26.45578  61.17262
26.68497   61.1739
26.62323  61.17527
26.57324  61.17609
26.60164  61.17699
26.64568  61.17722
26.50083  61.17909
26.63848  61.17938
26.31853  61.17994
26.52568  61.17997
26.49746  61.18056
26.43949  61.18198
26.69524   61.18387
26.51424  61.18283
26.49493     61.1878
26.56832  61.18568
26.65223  61.18622
26.49443   61.1899
26.55755  61.19358
26.30726         61.19293
26.65264  61.19274
26.52894  61.19747
26.69762 61.19395
26.53429  61.19463
26.40516  61.19631
26.47438   61.19795
26.47162  61.19931
26.62359  61.20081
26.35872 61.19976
26.68908  61.19981
26.65097 61.20105
26.58723  61.20118
26.71418   61.20166
26.64481  61.20476
26.49483  61.20314
26.33415  61.20376
26.53439  61.20407
26.51461   61.20499
26.54035  61.20592
26.60766  61.20662
26.65105  61.20698
26.61518  61.20704
26.48254  61.20904
 26.6066  61.20897
26.35267   61.2125
26.49695  61.21264
26.48352  61.21254
26.64066  61.21308
26.49947  61.21421
26.62593  61.21656
26.40848  61.21467
26.59675  61.21585
26.41454  61.21637
26.67244 61.22085
26.32975  61.21887
26.50988  61.22062
26.61805  61.22276
26.33049  61.22417
26.40423  61.22349
26.52538  61.22756
26.59129  61.22418
26.61536  61.22695
26.64821   61.2275
26.52023  61.22823
26.55835  61.22883
26.61915  61.23065
26.31256  61.23113
 26.4835   61.2348
26.60977  61.23274
26.53774 61.23294
26.60087  61.23383
26.66232    61.235
26.31272  61.23611
26.61204  61.23644
26.58322  61.23661
26.65548 61.23814
26.60434  61.23754
26.73099  61.23815
26.58418  61.23933
26.69685   61.24199
26.47521  61.24112
26.62756  61.24142
26.61017 61.24439
26.38641  61.24682
26.45119   61.24661
26.71846  61.24717
26.70565  61.24871
26.50849  61.25065
26.59964 61.25314
26.67665  61.25429
26.59901  61.25821
26.58343  61.25583
26.64769  61.25615
 26.6999  61.25754
26.54667  61.26057
 26.6438  61.26245
26.64794  61.26326
 26.5816  61.26361
26.71096  61.26564
26.64213  61.26628
26.59886  61.26798
26.62064   61.2703
26.37454  61.27329
26.44906 61.27347
26.52619  61.27535
26.64026  61.27993
26.48926  61.28148
26.69581   61.28135
26.61101  61.28499
26.42436  61.28736
26.67434  61.28714
 26.3839  61.29463
26.65013  61.29419
26.65771  61.29509
26.65546  61.29966
26.37244   61.30264
26.61582  61.30401
26.52117  61.30786
 26.4024     61.31
26.67016  61.31254
26.47349   61.32092
26.35266   61.31982
 26.5085  61.32077
 26.7139   61.3243
26.70282 61.11428
26.31566 61.11507
26.53535 61.11471
26.74442   61.12649
26.74793     61.2082
 26.7517     61.25371
