329.0469 -17.81521
328.9839 -17.81369
329.0393 -17.80942
329.0897 -17.80805
329.0197 -17.8086
329.0489 -17.79448
329.0128 -17.79214
 328.983  -17.79237
329.0817  -17.7856
329.0568 -17.78526
329.0392 -17.78379
329.0523 -17.76671
329.0112  -17.76432
329.0967 -17.76203
329.0643 -17.76181
329.0864 -17.75957
328.9998 -17.76079
329.0496 -17.75882
329.0397 -17.75751
329.0368 -17.75629
 328.996 -17.75467
329.0004 -17.75453
329.0013 -17.75348
329.0432 -17.75118
329.0047  -17.7492
329.0586 -17.74805
329.0316 -17.74637
329.0098 -17.74456
329.0505 -17.74383
329.0081   -17.74411
328.9959 -17.73999
329.0551 -17.73881
329.0384  -17.73818
329.0291 -17.73644
329.0435 -17.73479
329.0377  -17.73295
 328.985 -17.73241
328.9636  -17.73262
329.0339 -17.72387
329.0487 -17.72083
  329.05 -17.72029
329.0281 -17.72046
329.0709  -17.7183
329.0097 -17.71305
328.9974 -17.70923
329.0886  -17.7005
328.9586 -17.69589
329.0078 -17.69168
328.9919 -17.68333
329.0713 -17.67966
