26.32011        61.12349
26.44565 61.12366
26.74334  61.12707
26.55286 61.13049
26.61133 61.12875
26.33037 61.13047
26.43924 61.13284
26.40784 61.13314
 26.7167 61.13308
26.46638 61.13698
 26.6004  61.14132
26.47058  61.14523
26.64078  61.15108
 26.4001  61.15188
26.67189  61.15443
26.53278   61.15556
26.44351  61.15589
26.35643  61.15635
26.34584  61.16024
26.73922   61.16357
26.66031  61.16241
26.66483  61.16478
26.63852  61.16437
26.67625  61.16483
26.57837  61.16716
26.61224    61.1675
26.42354  61.16963
26.40391  61.17026
26.45619  61.17282
26.68415  61.17423
26.62274  61.17558
26.57306 61.17635
26.60127 61.17728
26.64508   61.1775
 26.5011 61.17929
26.49763 61.18076
26.43999  61.18215
26.51439  61.18306
26.65198  61.19297
26.52894  61.19765
26.55742  61.19378
26.69676  61.19422
26.53426  61.19483
26.40585  61.19645
26.42142   61.19744
26.47473 61.19811
26.47192  61.19946
26.35964   61.19984
26.68825  61.20005
26.62308    61.201
26.58691  61.20136
26.75672     61.20264
26.64423  61.20498
26.49502  61.20329
26.53437  61.20422
26.54032  61.20607
26.65041  61.20717
26.61473  61.20722
26.74672   61.20841
26.60619  61.20914
26.35365  61.21255
26.49713  61.21274
26.48379  61.21264
26.49963  61.21431
26.62541  61.21669
26.41518  61.21642
26.50998  61.22071
26.67169    61.221
26.61754   61.22289
26.33162  61.22416
26.59099  61.22427
26.52542   61.22761
 26.6476   61.2276
26.52027  61.22831
 26.5582  61.22889
26.61872  61.23073
26.60938  61.23281
26.60051   61.2339
26.66161 61.23507
26.48377  61.23483
26.61164  61.23649
 26.7299   61.23826
26.58393  61.23936
26.69577  61.24207
26.47551  61.24112
26.62702  61.24148
26.60975  61.24443
26.38719  61.24675
26.45159  61.24658
26.71746 61.24723
26.59863  61.25824
26.58127  61.26354
26.64316  61.26246
26.64729  61.26323
26.70993  61.26564
26.37538  61.27312
26.44948  61.27334
26.52622  61.27524
26.63963  61.27985
26.48944  61.28133
26.42493  61.28717
26.67353  61.28706
 26.3847  61.29439
26.65528  61.29988
26.37329  61.30236
26.52117  61.30764
26.40311  61.30972
26.66936  61.31237
26.47379   61.32064
26.35361  61.31948
26.50858  61.32049
26.32573  61.32761
26.69779    61.33562
26.75461   61.20275
 26.7589   61.22984
26.58316   61.25583
26.71286  61.32409
26.75954  61.12779
 26.5188  61.18319
26.76171     61.23716
26.57767  61.17644
26.52679  61.22519
26.66525   61.23409
