26.44559 61.12354
26.61145  61.1286
 26.5529 61.13037
26.64086  61.15095
26.53278  61.1555
26.44343  61.15583
26.61224   61.16744
26.65207  61.19291
26.52896  61.19762
26.49499  61.20327
26.64424 61.20492
 26.6148  61.20718
26.49712  61.21275
26.48375  61.21264
26.49956  61.21431
26.67178  61.22097
26.59097  61.22426
26.52539  61.22763
26.52029   61.22833
26.66171  61.23506
 26.4838  61.23487
26.45159   61.2466
26.38716  61.24677
26.59866 61.25829
26.64324  61.26251
26.64734  61.26327
26.58135  61.26361
 26.7101 61.26567
26.52622   61.2753
26.48949  61.28139
26.37326  61.30241
26.52122   61.3077
 26.4738  61.32069
26.69793    61.3357
26.75483   61.20272
26.76137     61.22987
