26.68675 61.12218
26.31891 61.12306
26.44519  61.1232
 26.6221 61.12644
26.65142  61.1281
26.55305 61.13002
26.61185  61.12827
26.32925 61.13005
26.43873 61.13242
26.43222 61.13274
26.40717 61.13272
26.71777  61.13262
26.53192 61.13316
26.46607 61.13656
26.64692 61.13608
26.52946  61.13952
 26.4881  61.13923
 26.4693  61.13877
26.52556  61.13982
26.32198   61.14079
26.60086  61.14089
26.46631  61.14183
 26.6291  61.14243
26.47029  61.14484
26.54593  61.14339
26.65811  61.14546
26.51539    61.146
26.39784  61.14647
26.39291  61.14663
26.46636  61.14761
26.64144  61.15067
26.66003  61.14981
26.42778  61.15046
26.43086  61.15155
26.39941  61.15152
26.49033 61.15368
26.45122  61.15391
26.67271  61.15405
26.39909  61.15497
26.53287   61.15522
26.44305  61.15556
26.35544  61.15602
26.66033  61.15864
26.34482 61.15991
26.74034    61.16322
 26.6611  61.16207
26.66562  61.16446
26.56916  61.16297
26.63917  61.16401
26.59974  61.16442
26.67715  61.16448
26.61274  61.16718
26.57867  61.16684
26.71207  61.16752
26.42297  61.16934
26.40323  61.16998
26.69961  61.17003
26.63554  61.17049
26.45586  61.17255
26.41134  61.17173
26.45129  61.17246
26.68505  61.17392
26.62332   61.17526
26.57337  61.17607
 26.5783 61.17617
26.60172  61.17698
26.64582  61.17722
26.64317   61.17859
26.50101  61.17903
26.31858    61.17985
26.63854  61.17938
26.66365  61.17951
26.61186  61.17951
26.52576  61.17993
26.49752   61.18051
26.43953  61.18191
26.51434   61.1828
26.51889 61.18292
26.69536  61.18387
26.56844  61.18566
26.65235   61.18622
26.49503  61.18777
26.49454  61.18986
26.41178   61.19252
26.52905 61.19228
26.30731         61.19284
26.65279  61.19273
26.53437  61.19459
26.55762  61.19355
26.54399  61.19342
  26.529  61.19743
26.42694  61.19401
26.69774  61.19397
26.64983  61.19579
26.40518 61.19626
26.42088   61.19726
 26.4745  61.19791
  26.745   61.19871
 26.4717  61.19927
26.62372   61.2008
26.35875  61.19967
26.68923  61.19982
26.65112  61.20104
26.58732  61.20116
26.71431   61.20169
26.64492  61.20474
26.49487  61.20311
26.33421  61.20368
26.53448  61.20404
26.54045  61.20589
26.50099  61.20552
26.51465  61.20495
26.71835   61.20472
26.60786  61.20638
 26.6512  61.20698
26.61532 61.20703
26.48263  61.20899
26.60673  61.20896
26.31669   61.2102
26.62713  61.21176
26.35271  61.21242
26.48359  61.21249
26.49701  61.21259
26.64077  61.21308
26.62765  61.21389
26.49954  61.21417
26.40852  61.21462
26.61766  61.21495
26.59685  61.21583
26.41457  61.21632
26.62602  61.21655
26.67021 61.21816
26.32979  61.21879
26.50998   61.2206
26.67255  61.22085
26.61829 61.22273
26.33332  61.22194
26.62062   61.2225
26.40427  61.22343
26.70527  61.22362
26.59139  61.22416
26.52686  61.22498
26.33054  61.22409
26.51686  61.22476
26.64088  61.22609
26.61548  61.22693
26.52547  61.22752
26.64835  61.22751
26.52035  61.22823
26.55846  61.22881
26.61928   61.23064
26.31262  61.23105
26.60095  61.23382
26.46504  61.23243
26.45865   61.2325
26.60988  61.23273
26.53781   61.2329
26.66608  61.23402
26.48363  61.23475
26.56627  61.23418
26.66245    61.235
26.31275  61.23603
26.61215  61.23643
26.58331  61.23659
26.65563  61.23815
26.60448   61.23753
26.73111   61.23818
26.58431  61.23932
26.51058 61.23951
26.69689  61.24203
26.72876   61.24056
26.56863  61.24084
26.47527   61.2411
26.62769  61.24143
26.57136 61.24234
26.61029  61.24439
26.45124  61.24657
26.38644  61.24675
26.71861    61.2472
26.70576 61.24874
26.50854   61.25061
26.72983   61.25216
26.65243  61.25319
26.59975  61.25315
 26.6768   61.2543
26.59903  61.25821
26.58355  61.25585
26.68053  61.25595
26.64784  61.25617
26.54256  61.25679
26.70004  61.25756
26.54678  61.26056
26.58733  61.25895
26.64392  61.26248
26.58171  61.26362
26.47835  61.26296
26.64808  61.26328
26.45176  61.26508
26.71109  61.26567
26.58708   61.26466
26.64226   61.2663
26.49882  61.26706
26.59897  61.26799
26.69024  61.26851
26.48472  61.26887
26.62077  61.27031
26.60515  61.27126
26.37463  61.27322
26.44913  61.27344
26.52628 61.27535
26.42705  61.27367
26.42272  61.27557
26.63836  61.27729
26.48935  61.28147
 26.6404  61.27996
26.69597   61.2814
26.61113     61.285
26.42446  61.28733
26.67449  61.28719
26.65028  61.29421
26.38394  61.29458
26.65787  61.29513
26.56324   61.2972
26.65618  61.30006
26.37253  61.30258
26.61596  61.30403
26.52127   61.30784
26.40247   61.30994
26.67031  61.31257
26.47356  61.32089
26.35272 61.31976
 26.5086 61.32076
26.71407  61.32434
26.46473  61.32465
26.38337  61.32749
26.32466  61.32791
26.67731   61.33568
26.69892   61.33592
26.69283   61.33727
26.74454  61.12657
26.75349     61.17921
26.68703  61.19527
26.74809   61.20822
26.75075   61.25379
26.75262   61.31605
26.67332    61.3369
26.41105  61.1302
  26.654  61.21267
26.65815 61.12847
