26.44517 61.12322
26.74604    61.12656
26.61181 61.12831
26.32921 61.13006
  26.553 61.13007
26.40716 61.13274
26.46603  61.1366
26.60081 61.14092
26.47027 61.14487
26.64141  61.15072
26.39939  61.15155
26.53283  61.15524
26.44303  61.15559
 26.3448  61.15992
26.74031   61.16324
26.63912   61.16405
 26.6771  61.16451
26.66557  61.16448
26.57863  61.16687
26.61271   61.1672
26.42296   61.16936
26.40323     61.17
26.45584  61.17258
26.62323  61.17531
26.64571  61.17725
26.64318  61.17849
26.49748  61.18053
26.43952  61.18193
26.51432  61.18283
26.65271  61.19277
26.55756  61.19358
 26.6977     61.194
26.53433  61.19463
26.52898 61.19747
26.40517  61.19628
26.47449  61.19794
26.47165   61.1993
26.68918 61.19985
26.62364  61.20083
26.64488  61.20479
26.49483  61.20314
26.53444  61.20407
26.54043  61.20592
26.65112    61.207
26.61525  61.20707
26.60663    61.209
  26.497   61.21263
26.48358   61.2125
26.49952  61.21419
26.41457   61.21634
26.62593  61.21658
26.50996  61.22063
26.67249  61.22089
26.61824  61.22275
26.33056  61.22408
26.59133  61.22419
26.52546  61.22754
26.64828  61.22754
26.52032  61.22825
26.55841  61.22883
 26.6192  61.23067
 26.6098  61.23277
26.60089 61.23385
26.66598  61.23404
26.48363   61.2348
26.66237   61.23502
26.61208 61.23645
26.73105  61.23822
26.58426  61.23933
26.62758 61.24146
26.69694 61.24203
26.61023  61.24442
26.45125  61.24658
 26.3865  61.24674
26.71854    61.24724
26.58344  61.25586
26.59905  61.25829
26.64382  61.26252
26.64798  61.26331
26.58168  61.26362
26.71102   61.2657
26.52626   61.27535
26.64034  61.27995
26.48937  61.28145
26.67441  61.28719
26.37253  61.30255
26.52125  61.30783
26.40248  61.30992
26.47356  61.32087
26.35273  61.31973
  26.714  61.32434
26.69886   61.33591
26.74446  61.12656
