 26.6979 61.33589
26.67642 61.33557
26.32663 61.32721
26.71314 61.32436
26.50837 61.32051
26.47018  61.31934
26.35417  61.3192
26.66952  61.31258
26.40344  61.30953
26.52114  61.30766
26.61543  61.30399
 26.3738  61.30218
26.65552    61.3001
26.65724  61.29519
26.38514  61.29426
26.67386  61.28728
26.42481  61.28723
26.61062  61.28503
26.29532   61.28346
26.69534  61.28153
26.48943 61.28143
26.63987   61.28002
26.52617  61.27536
26.42768  61.27355
26.44962  61.27332
26.37587  61.27302
26.59866  61.26806
26.71067  61.26581
26.45231  61.26497
26.58137  61.26367
26.54665 61.26063
26.59789  61.25839
 26.5833  61.25592
26.67644   61.25444
26.59943 61.25325
26.50858 61.25066
26.71834  61.24734
 26.3874  61.24677
 26.4518  61.24654
26.61004  61.24449
26.69651  61.2423
 26.6274 61.24154
26.47563  61.24111
26.58414 61.23941
26.73098   61.23833
26.65536  61.23829
26.61195 61.23653
26.31454   61.23602
26.66219   61.2351
26.48253  61.23479
26.66581  61.23414
26.60078  61.2339
26.53782 61.23299
 26.6097  61.23282
26.61905  61.23077
26.55833   61.2289
26.64813  61.22762
26.52095  61.22746
26.52554   61.2276
26.61525  61.22705
26.59121 61.22427
26.70512 61.22374
26.33215   61.22413
 26.6178  61.22292
26.62045 61.22255
26.67241  61.22097
26.51008  61.22067
26.62585  61.21665
26.41531  61.21638
26.59672  61.21594
26.49976  61.21424
26.64062  61.21318
26.49723  61.21269
26.48393   61.21256
26.35416  61.21249
26.60663  61.20906
26.61493  61.20725
26.65108  61.20707
26.64442  61.20682
 26.5405  61.20598
26.51482   61.20504
26.64404  61.20479
26.53453   61.20415
26.33568   61.20378
26.49515  61.20319
26.30127   61.20256
26.71435  61.20173
26.58725   61.20127
26.65105  61.20111
26.62361  61.20088
26.68922  61.19988
26.35995  61.19982
26.47214  61.19934
26.47483    61.198
26.52911  61.19752
26.42158  61.19737
26.40605  61.19638
26.53444  61.19469
26.69783    61.194
26.55765  61.19364
26.65274   61.19278
26.65236  61.18623
26.69555  61.18385
26.51452 61.18285
26.44016    61.182
26.49775   61.1806
26.50123   61.17912
26.64321  61.17858
 26.6459  61.17719
26.60179    61.177
26.57338  61.1761
26.62339  61.17524
26.68528  61.17383
 26.2986   61.17289
26.45637 61.17264
26.69989 61.16991
26.40404  61.1701
26.42368  61.16944
26.61273  61.16712
26.57876  61.16684
26.67739  61.16435
26.66588  61.16433
26.63935  61.16393
26.66136  61.16193
26.34615  61.16006
26.66061  61.15849
26.35668  61.15618
 26.4437  61.15564
26.53304  61.15521
26.67305  61.15386
26.49074  61.15369
26.40034  61.15163
26.47083 61.14484
26.60107   61.1407
26.52587  61.13975
 26.4698   61.1388
26.46656  61.13658
26.71845  61.13221
  26.408  61.13279
26.43931  61.13245
26.33055   61.13018
26.55333  61.12988
26.61218  61.12801
 26.6225  61.12615
26.44583   61.12317
26.32034     61.1232
26.47385 61.32055
26.29472    61.26938
26.70553  61.24887
26.48518 61.23462
 26.3312   61.21888
26.49533  61.18786
26.66041   61.1496
26.32318    61.141
26.53228  61.13302
 26.2968    61.12397
26.64403  61.26237
26.31414   61.23107
26.64489  61.20299
26.52594     61.18
 26.6416  61.15048
26.65846  61.1452
26.62044  61.27038
 26.6478   61.26339
26.51966   61.22847
26.48291   61.2091
26.46671 61.14185
26.64732  61.13582
26.68738  61.12177
 26.6001  61.25795
26.52052  61.22892
26.52191  61.22832
26.48389  61.23547
 26.4845  61.23405
26.64495  61.20479
