26.44551 61.12351
26.61139 61.12853
26.33008 61.13037
26.55288  61.1303
26.40766 61.13301
26.60043 61.14113
 26.6409   61.1509
26.53278 61.15544
26.44338   61.1558
26.34562  61.16016
26.73929   61.16336
26.66491  61.16463
26.61229 61.16736
26.42339  61.16956
26.45617  61.17276
26.62282  61.17544
 26.5731  61.17624
26.64519  61.17738
26.64265  61.17866
26.43989    61.1821
26.51435  61.18297
26.65215  61.19286
26.55746     61.1937
26.52898  61.19758
 26.6969  61.19407
26.40573  61.19643
26.47471  61.19807
26.47193  61.19943
26.68842  61.19992
26.64436  61.20485
  26.495  61.20325
26.53443  61.20416
26.54036  61.20602
26.61488  61.20713
26.60632  61.20906
26.49713  61.21272
26.48375  61.21261
26.49966  61.21428
26.41507  61.21644
26.62556  61.21662
26.67184   61.2209
26.51003    61.22069
26.61754  61.22286
26.33144   61.2242
26.59103  61.22423
26.64776  61.22754
26.52545  61.22759
26.52036 61.22829
26.61878  61.23069
26.60944  61.23277
26.66181  61.23502
26.60057  61.23386
26.48382  61.23483
26.61171  61.23646
26.73014   61.23817
26.58399   61.23934
 26.6272 61.24144
26.60986   61.2444
26.45163  61.24658
26.38711  61.24678
26.71767  61.24718
26.58324  61.25582
26.59876  61.25824
26.64335  61.26245
26.64752  61.26323
26.58145 61.26357
26.71021  61.26559
26.52628  61.27528
26.63983  61.27986
26.48953  61.28139
26.67378  61.28706
26.37322  61.30246
26.52131  61.30769
26.47384  61.32072
26.35349  61.31961
26.71319  61.32412
26.69812   61.33566
26.74343   61.12684
26.62003   61.2226
