26.63447 61.11918
26.44547 61.12339
26.61181 61.12824
26.76316   61.12857
26.55312 61.13006
26.64131   61.15061
26.53287  61.15533
26.61259  61.16718
26.65239  61.19265
26.52893  61.19759
26.64453  61.20469
 26.7555  61.20233
26.49483  61.20331
26.61497  61.20703
26.49694 61.21279
26.49947  61.21435
26.67211  61.22076
26.59108   61.2242
26.52529  61.22767
26.52015   61.2284
26.66564 61.23396
26.48353  61.23501
  26.662  61.23495
26.45122  61.24682
26.38656  61.24712
26.59874 61.25836
26.64345   61.26252
26.64757   61.2633
26.58136   61.26373
26.71051   61.2656
  26.526   61.27554
26.48914  61.28172
26.37251  61.30306
26.52098  61.30813
26.47334  61.32127
26.69818   61.33596
26.44319  61.15577
26.50984  61.22079
26.32953       61.13035
