26.32533  61.32787
26.47385 61.32076
26.71377 61.32404
26.50882 61.32061
26.35329  61.31972
 26.6701 61.31233
26.40293  61.30988
26.52142   61.30771
26.61592  61.30384
26.37303  61.30255
26.65602   61.2998
26.56332  61.29705
26.65771  61.29492
26.38446  61.29455
26.65013 61.29401
26.67427  61.28697
26.42487  61.28729
 26.4896  61.28139
26.61107  61.28483
26.69569  61.28119
26.64027  61.27979
26.52644  61.27525
26.42745  61.27365
26.44945   61.2734
26.37509  61.27324
26.60509  61.27112
26.62068  61.27018
26.48493  61.26882
   26.69  61.26833
26.59894  61.26787
26.64211  61.26616
26.64787  61.26313
26.71078  61.26549
26.45208  61.26505
26.59855  61.25813
 26.5817   61.2635
26.64369  61.26232
26.47859  61.26293
26.54689  61.26049
26.69977  61.25741
26.54264  61.25671
26.64769  61.25603
 26.6803 61.25582
26.58359  61.25575
26.67655  61.25417
 26.5997  61.25306
26.50873   61.25058
26.70547  61.24861
26.70867 61.24841
 26.7183  61.24706
26.38691  61.24681
26.45154   61.24658
26.61021  61.24432
26.69662   61.2419
26.57134  61.24224
26.62755  61.24135
26.58427  61.23926
26.47552    61.2411
26.56865   61.2408
26.51074   61.2395
26.60439  61.23747
26.48365 61.23474
26.65542   61.23806
26.61206  61.23637
26.58329  61.23654
26.31334   61.23616
26.66224  61.23491
26.53789   61.23289
26.56628  61.23414
26.66587  61.23392
 26.6009 61.23377
26.60977  61.23268
26.45894  61.23253
26.46531  61.23246
26.31322   61.23119
26.61916  61.23059
26.64816  61.22744
26.52559  61.22753
26.55847  61.22879
26.61537   61.2269
26.64073  61.22603
26.51699  61.22478
26.61799  61.22273
26.59135  61.22414
 26.3311   61.22423
26.70495   61.22352
26.40469  61.22351
26.33385   61.22205
26.67231  61.22078
 26.5101  61.22063
26.33031   61.21894
26.62588  61.21652
26.41495  61.21641
26.59678   61.21582
26.61755  61.21492
26.40891  61.21471
 26.4997   61.21421
 26.3532  61.21255
26.64059  61.21305
26.48378   61.21255
26.49716  61.21264
26.62698  61.21172
26.61515   61.20702
26.60662  61.20895
26.48281  61.20906
26.65098  61.20695
26.64472  61.20472
26.60774   61.20636
26.54051  61.20593
26.50113  61.20559
26.51479    61.205
26.53454  61.20408
 26.3347   61.20385
26.49504  61.20317
26.71393   61.20163
26.58726  61.20118
 26.6509  61.20102
26.62356    61.2008
26.68892  61.19978
26.35923  61.19982
 26.4719  61.19937
26.47472  61.19799
26.52909  61.19749
26.42123  61.19738
26.40557  61.19639
26.64964  61.19578
26.53443  61.19465
26.69744   61.19394
26.54403  61.19348
26.55764  61.19361
26.65255  61.19273
26.41212  61.19265
26.49468  61.18995
26.49518 61.18785
26.65213 61.18621
26.56842  61.18571
26.69505  61.18386
26.51443  61.18289
26.51896  61.18302
26.43981  61.18204
26.49766  61.18061
26.52583  61.18001
26.66346  61.17951
 26.3191   61.18006
26.63842   61.1794
26.50113  61.17913
26.64297  61.17854
26.64559 61.17724
26.60162  61.17702
26.57831  61.17623
26.57332  61.17613
26.62317  61.17529
26.68476  61.17393
26.45148  61.17267
 26.4561   61.1727
26.41171  61.1719
26.63532  61.17052
26.69924  61.17003
26.40358  61.17017
26.71168   61.1675
26.42328  61.16951
26.61258  61.16723
26.57862 61.16691
26.67682   61.1645
26.59963   61.1645
26.66536  61.16448
26.63897   61.16405
26.56912  61.16305
26.34529   61.16014
26.66084   61.1621
26.66008 61.15868
26.35592  61.15625
26.44331  61.15574
26.45148  61.15408
26.53289  61.15534
26.39942  61.15518
26.64121  61.15074
26.67244  61.15409
26.49047  61.15382
26.39974  61.15173
26.43116  61.15175
26.65977   61.14987
26.42824 61.15067
26.46659  61.14778
26.65783    61.14552
26.39328  61.14686
 26.3982  61.1467
26.51546 61.14614
26.47047  61.14501
26.54595 61.14353
26.62891  61.14252
26.46652   61.14202
 26.5256  61.13998
26.60071    61.141
 26.3225   61.14106
26.52951  61.13968
26.48825  61.13942
26.46949  61.13896
26.46625  61.13676
26.64668  61.13617
26.63821  61.27712
26.52031  61.22823
26.61169  61.17956
26.58706 61.26457
26.52697  61.22497
26.42718  61.19411
