26.71373 61.32404
26.47387 61.32073
26.35332 61.31965
26.40294   61.30983
 26.5214  61.30769
26.37306  61.30251
 26.6742  61.28698
 26.4896  61.28136
26.64025  61.27978
26.52643  61.27524
26.71068   61.2655
26.58165  61.26351
26.64785  61.26315
26.64372  61.26238
  26.599  61.25818
 26.5835  61.25575
26.71823  61.24708
26.38696 61.24676
26.45153  61.24656
26.61014  61.24432
26.58424  61.23927
26.62748  61.24136
26.66219  61.23492
26.61204 61.23638
26.48378 61.23478
26.66581 61.23394
26.60087  61.23378
26.60975   61.2327
26.61913   61.2306
26.55843   61.2288
26.52039 61.22824
26.64811   61.22746
26.52556  61.22753
26.61799  61.22273
26.59131  61.22416
26.33111    61.22419
26.67227    61.2208
26.51005   61.22063
26.62582  61.21653
26.41494  61.21639
26.49966  61.21422
26.49712  61.21265
26.48375  61.21255
26.60655  61.20897
 26.6151  61.20705
26.65089  61.20697
26.64466  61.20475
26.54044  61.20595
26.53449  61.20409
26.49502    61.20318
26.68884   61.1998
26.47186   61.19937
26.47465  61.19799
26.52905   61.19751
26.40556  61.19638
 26.5344  61.19468
26.69737  61.19396
26.55759   61.19363
26.65246  61.19276
26.51438   61.1829
26.43978 61.18205
26.49763  61.18064
 26.6455    61.17726
26.62311  61.17533
26.45606  61.17271
26.40356  61.17016
26.42326  61.16952
26.61252  61.16726
26.67675  61.16452
26.66531  61.16451
26.63891  61.16408
26.34527   61.16013
26.44325  61.15574
26.53282  61.15536
26.39972  61.15173
26.64118  61.15079
26.47045   61.14502
26.60063  61.14103
26.46619  61.13677
26.52694  61.22515
