26.31884 61.12305
26.44515  61.1232
26.62205 61.12646
26.74649    61.12652
  26.553 61.13004
26.61179 61.12829
 26.3292 61.13005
26.43869 61.13243
26.43219 61.13274
26.40714  61.13272
26.53189 61.13317
26.46603 61.13657
26.46927 61.13879
 26.5294  61.13952
26.52551  61.13984
 26.6008   61.1409
26.46627  61.14184
 26.5459  61.14339
26.47026  61.14485
26.65804  61.14548
26.39781  61.14648
26.39288  61.14664
26.65998  61.14982
 26.6414   61.15069
26.39937 61.15152
26.49031  61.15369
26.39907  61.15497
26.53283  61.15522
26.44302  61.15556
26.35541  61.15601
26.66026  61.15865
26.34478   61.1599
 26.7403   61.16322
26.66104  61.16208
26.56912  61.16297
26.63912  61.16403
26.67709  61.16448
26.66557  61.16446
 26.6127  61.16718
26.57864  61.16684
26.42295  61.16934
26.40322  61.16997
26.69955  61.17003
26.63546  61.17051
26.45584  61.17256
26.68498  61.17393
26.62325   61.17528
26.57332  61.17608
26.57826   61.1762
26.60166  61.17699
26.64572   61.17723
 26.6431  61.17856
26.50095 61.17904
26.31856  61.17983
 26.6385   61.1794
 26.5257  61.17995
26.49748  61.18052
26.43952   61.1819
26.51431  61.18281
26.51884  61.18292
26.69531  61.18389
26.56839  61.18568
26.65231  61.18624
26.49501  61.18778
 26.4945  61.18986
26.41177  61.19251
26.30728         61.19281
26.65272  61.19276
26.55757  61.19357
26.52898   61.19746
26.69769 61.19399
26.53433   61.19462
26.40516  61.19625
26.47449   61.19791
26.47168 61.19928
26.35872  61.19965
26.68918  61.19984
26.62364  61.20082
26.65106  61.20107
26.58726  61.20118
26.71425   61.20171
26.64488  61.20478
26.49483 61.20312
26.33419  61.20366
26.53445   61.20404
26.54042   61.2059
26.51462 61.20496
26.60777 61.20641
26.65113    61.207
26.61527  61.20706
26.48261    61.209
26.60666  61.20899
26.62707  61.21178
 26.3527  61.21241
26.49699  61.21261
26.48357 61.2125
26.64068   61.2131
26.62755  61.21414
26.49951  61.21418
 26.4085  61.21462
26.59679  61.21586
26.41457 61.21633
26.62595  61.21656
26.32979  61.21878
26.50997  61.22061
 26.6725  61.22087
26.33333   61.2219
26.61824  61.22274
26.40427  61.22343
26.52682  61.22498
26.33054 61.22407
26.59134 61.22418
26.51682  61.22477
26.61544  61.22695
26.52545  61.22753
 26.6483  61.22752
26.52026   61.22828
 26.5584  61.22882
26.61922  61.23065
26.31262  61.23102
26.46503  61.23243
26.60982  61.23275
26.53776   61.2329
26.66601 61.23402
 26.6009  61.23384
26.48351 61.23482
26.66239  61.23501
26.31276  61.23601
 26.6121  61.23644
26.58328  61.23659
26.65557  61.23817
26.60442  61.23755
26.73105   61.23819
26.58426  61.23932
26.69691  61.24203
26.47526  61.24109
26.62762  61.24145
26.61025  61.24441
26.45123  61.24656
26.38645  61.24673
26.71856   61.24722
26.70569  61.24876
26.50853  61.25061
 26.5997  61.25315
26.67674  61.25433
26.59897  61.25828
 26.5835  61.25585
26.64778  61.25618
26.69997  61.25759
26.54676  61.26055
26.58169  61.26362
26.64385   61.2625
26.64803  61.26329
26.71103 61.26568
26.64218 61.26631
26.59894  61.26798
26.62072    61.27031
26.60512  61.27125
26.37462  61.27321
26.44913 61.27343
26.52625  61.27534
26.64035   61.27995
26.48935  61.28146
26.69591 61.28139
26.61109 61.28498
26.42447   61.2873
26.67444  61.28718
26.65025   61.2942
26.38395  61.29455
 26.6578 61.29511
26.56321  61.29718
26.65553  61.29959
26.37253  61.30255
 26.6159  61.30401
26.52125  61.30783
26.40246 61.30992
26.67026  61.31256
26.47352 61.32087
26.35273  61.31974
26.50857  61.32074
26.71402  61.32432
 26.3247  61.32787
26.67726   61.33565
26.69887   61.33591
26.74447  61.1266
26.45116   61.15395
26.74801    61.20826
26.75335     61.23312
26.75083   61.25384
26.68053  61.25597
26.75451       61.316
26.33356 61.12922
26.64081  61.22612
 26.7458   61.19872
 26.6702   61.21818
26.41103 61.13022
26.71206  61.16752
26.45131  61.17232
26.54396  61.19345
