26.68937 61.33307
26.70463 61.32157
26.46489  61.31777
26.51235  61.30485
26.36466  61.29943
 26.4807 61.27855
26.51746 61.27249
26.70211  61.26295
26.57275  61.2608
26.63904  61.26051
26.63491 61.25974
26.59015  61.25548
26.37847  61.24388
26.44281  61.24371
26.60139  61.2416
 26.6188  61.23865
26.57545  61.23652
 26.6033  61.23363
26.65363   61.2322
26.47502  61.23197
26.51164  61.22543
26.63954  61.22469
26.51672  61.22471
 26.5826  61.22134
26.66384   61.21803
 26.5013  61.21777
26.61726  61.21372
26.49092  61.21134
26.47502  61.20967
26.48843 61.20978
26.59797  61.20612
26.60658   61.20419
26.63627  61.20188
26.48629  61.20027
 26.6807  61.19691
26.52037    61.1946
 26.6442   61.1898
26.60424  61.16415
26.65728  61.16133
26.73237     61.16
26.43469 61.15266
26.52433   61.15221
26.63313 61.14751
26.39893  61.12977
26.32129    61.12717
26.54464  61.12683
26.60352  61.12497
26.73686   61.12302
