26.63437 61.11931
26.44541 61.12347
 26.7441   61.12642
26.55307 61.13017
 26.6117 61.12831
26.33393        61.12963
26.76306  61.12874
26.32961        61.13044
26.43891 61.13267
26.40742 61.13304
26.71741  61.13249
26.46619 61.13682
26.52558  61.13998
26.60069  61.14095
26.47043  61.14508
26.64125   61.15068
26.39961  61.15187
26.67244  61.15402
 26.5328  61.15537
 26.4432   61.15584
26.35574   61.1564
 26.3451  61.16032
 26.6608  61.16205
26.73989   61.16308
 26.6389  61.16404
26.67678  61.16444
26.66533  61.16443
26.57849  61.16693
26.61252  61.16723
 26.4231  61.16963
 26.4034  61.17029
26.69918  61.16995
26.45592  61.17281
26.68469  61.17387
26.62307  61.17532
26.57317  61.17616
26.60152  61.17707
 26.6455  61.17722
26.50097  61.17924
 26.4975  61.18071
 26.4396  61.18221
26.51426  61.18298
26.65239  61.19274
26.55744  61.19368
26.52887  61.19762
26.69729   61.1939
26.53422  61.19478
 26.4053  61.19658
26.42095    61.19757
26.47445  61.19815
26.47164  61.19951
26.35892  61.20006
26.68874  61.19977
26.62333  61.20083
26.58705  61.20127
26.75537   61.20242
26.64458  61.20479
26.49479  61.20332
26.53429  61.20421
26.54024  61.20604
26.51453  61.20517
26.61494  61.20709
26.65077   61.20699
26.74737    61.2081
26.60636  61.20903
26.35288  61.21282
26.49689   61.2128
26.48351   61.21271
26.62564  61.21659
26.49942  61.21436
26.59651  61.21592
26.41463  61.21664
26.50979  61.22079
26.67208  61.22083
26.61777  61.22281
26.52526  61.22768
 26.3307         61.22451
26.59107  61.22425
26.64791  61.22751
26.52011  61.22841
26.55813  61.22893
26.75959    61.22961
26.61886 61.23068
26.60947  61.23279
26.66195  61.23499
26.60059    61.2339
26.48347 61.23502
26.61174  61.23649
26.73048  61.23807
26.58394   61.2394
26.69627  61.24197
26.47515  61.24134
26.62718  61.24146
26.60985   61.24445
26.38645   61.2471
26.45114  61.24682
26.71797  61.24712
26.58317  61.25594
26.59868  61.25834
26.64334  61.26251
26.64749  61.26329
26.58127   61.2637
26.71033  61.26557
26.59851   61.26805
26.37456   61.2736
26.44892  61.27371
26.52593   61.2755
26.42693  61.27398
26.63978 61.27996
26.48907  61.28167
26.42426  61.28763
26.67372  61.28713
 26.7645    61.29201
26.38382   61.29492
26.65543  61.30003
 26.3724  61.30292
26.52079    61.308
26.40224  61.31025
 26.6695  61.31252
26.47317    61.3211
26.35257  61.32014
26.50814  61.32093
26.71309   61.32423
26.67641   61.33561
26.69794   61.33579
 26.7594 61.12713
26.73793   61.16136
26.57801    61.1763
26.52669  61.22509
26.66525  61.23405
