26.47376 61.32061
26.52122 61.30768
26.37336 61.30232
26.48946 61.28138
26.52628   61.2753
26.64379  61.26251
 26.5816   61.2636
26.64789  61.26327
  26.599  61.25827
26.38709  61.24675
26.45148  61.24657
26.66249  61.23498
26.48372  61.23481
26.52035  61.22825
26.59139  61.22414
26.67269   61.2208
26.49958  61.21416
26.49713  61.21263
26.61535   61.20696
26.64506 61.20466
26.49497  61.20313
26.52906 61.19743
26.65297  61.19259
26.61293    61.16696
26.53295 61.15507
26.64181    61.15032
26.55323  61.12969
26.61216 61.12781
26.44534   61.12305
26.63496   61.1187
 26.5253   61.22755
