26.47375 61.32053
26.50858  61.32043
 26.3539 61.31925
26.66983 61.31244
26.40317 61.30959
26.52119 61.30761
26.37345  61.30224
26.65574 61.29995
26.38478  61.29432
26.67412 61.28714
26.48946   61.28135
26.64008  61.27992
26.52622  61.27528
26.44945  61.27335
26.37543  61.27312
 26.6478  61.26324
 26.5815   61.2636
26.59894  61.25825
26.64367   61.2625
26.58338  61.25584
26.59956 61.25317
 26.3871  61.24678
 26.6101  61.24439
26.45152  61.24657
26.69689  61.24202
 26.6275  61.24145
26.58415  61.23932
26.47543  61.24111
  26.612  61.23644
26.58326  61.23671
26.31394   61.23609
26.66234    61.235
26.48373  61.23481
26.60083  61.23383
26.60976  61.23275
26.61914  61.23066
26.55835  61.22883
26.52033  61.22827
26.64826   61.2275
26.59128  61.22418
26.33153    61.2242
26.61795  61.22276
26.67253  61.22083
   26.51  61.22064
26.62594  61.21655
26.41499  61.21642
26.49959  61.21422
26.48369   61.21256
26.49709  61.21266
26.60664  61.20896
26.65119  61.20695
26.61525  61.20703
26.64493  61.20473
26.54042  61.20592
26.53446  61.20409
26.49495  61.20316
26.58726  61.20117
26.62369 61.20078
26.68935  61.19974
26.35942   61.19984
26.47183  61.19934
26.47453    61.198
26.52901 61.19747
 26.4212  61.19738
 26.4056  61.19639
26.53436  61.19463
26.69794  61.19386
26.55761  61.19356
26.65283  61.19266
26.51435  61.18282
26.43977  61.18202
26.49759  61.18055
26.50102  61.17909
26.64594   61.1771
26.60175  61.17689
26.57334   61.17601
 26.6234 61.17515
26.68531  61.17373
26.45601  61.17263
26.40358  61.17011
26.42325  61.16945
26.61282 61.16704
26.57871 61.16674
26.67742  61.16425
26.66586  61.16422
26.63934  61.16381
26.66133  61.16183
26.34541 61.16012
  26.356   61.15621
26.44323  61.15562
26.53289   61.15515
26.67304  61.15375
26.39973  61.15166
26.64168  61.15043
26.47041  61.14484
26.60098  61.14064
26.46617  61.13656
 26.4074  61.13279
26.43889  61.13243
26.32979   61.13024
26.55314   61.12981
26.61204  61.12793
26.31945    61.12327
26.44532 61.12315
26.63482  61.11883
26.52546  61.22754
26.35349  61.21256
26.69995  61.16979
