26.63443 61.11915
26.44546 61.12337
26.74422  61.12628
26.75946  61.12697
26.61179 61.12819
26.32964         61.1304
 26.7632  61.12859
26.55312 61.13003
26.43898 61.13262
26.40746 61.13298
26.46623 61.13673
26.60078  61.14085
26.47046 61.14502
26.64131    61.1506
26.39966  61.15182
26.53286   61.1553
26.44324  61.15578
26.35579  61.15638
26.34513   61.1603
26.73798   61.16119
26.66087  61.16198
26.73999  61.16298
26.63898   61.16394
 26.6654  61.16435
26.67689   61.16436
26.57858 61.16685
26.61259  61.16716
26.42317  61.16959
26.40342  61.17027
26.45597  61.17276
26.62313  61.17524
26.57325  61.17612
26.64557  61.17717
26.49756  61.18067
26.43964  61.18218
26.51431  61.18295
26.65248   61.1927
26.55751  61.19365
26.52893  61.19759
 26.6974  61.19386
26.53428  61.19476
26.40534  61.19658
26.47446   61.19816
26.47172   61.1995
26.35897  61.20007
26.68885  61.19973
26.62345  61.20081
26.58713  61.20122
26.64464  61.20474
26.75551   61.20235
26.49486  61.20332
26.53434 61.20419
 26.5403   61.20603
26.65085  61.20696
26.61506  61.20708
26.74753   61.20803
26.60648  61.20902
26.49696  61.21282
26.48358  61.21272
26.62572   61.21657
26.49948  61.21436
26.41468  61.21665
26.50983  61.22078
26.67218   61.2208
26.61814  61.22277
26.33072        61.22456
26.59115  61.22424
26.52534  61.22769
  26.648   61.2275
26.52016 61.22844
26.55821  61.22893
26.75973   61.22959
26.61895  61.23068
26.60958  61.23279
26.66569  61.23399
26.60068   61.2339
 26.4835  61.23505
26.66207  61.23499
26.61183  61.23648
26.73059  61.23806
26.58403   61.2394
26.69642  61.24196
26.47522  61.24137
 26.6273  61.24146
26.60996  61.24446
26.45116  61.24687
26.38653  61.24717
26.71808  61.24712
 26.5832  61.25596
26.59874  61.25838
26.64348  61.26253
26.64762  61.26332
26.58138  61.26375
26.71053  61.26562
26.37458  61.27365
26.44896 61.27378
26.52603  61.27558
26.63994  61.28001
26.48919  61.28174
26.67394  61.28721
 26.7647   61.29207
26.38389 61.29504
26.37248  61.30306
26.52092  61.30812
26.40232   61.3104
26.47329  61.32126
26.35267  61.3203
26.50825  61.32105
26.71334   61.3243
26.69818   61.33592
26.68483   61.17377
26.64307  61.17839
