26.68654 61.12229
26.44518 61.12332
26.31903 61.12319
26.69815 61.12435
26.55297 61.13014
26.62195 61.12655
 26.7456    61.12664
26.65128  61.1282
26.65796 61.12856
26.41121 61.13032
26.61171 61.12836
26.32937 61.13015
26.43874 61.13251
26.71751 61.13269
26.43224  61.13286
26.40721 61.13284
26.64678 61.13617
26.53187 61.13325
26.46607 61.13669
26.52914 61.13967
26.48809  61.13933
26.46931  61.1389
26.52548  61.13992
26.32215  61.14089
26.60075  61.14098
26.46632  61.14193
26.62899  61.14253
26.47029  61.14494
26.54579   61.1435
26.65793  61.14553
26.51533  61.14609
26.39792  61.14656
26.39299   61.14672
26.46637  61.14772
26.64131  61.15076
26.65989  61.14987
26.42774  61.15056
 26.3995  61.15163
26.43089 61.15165
26.49032  61.15376
26.45126    61.154
26.67257  61.15412
26.39916  61.15508
26.53278  61.15529
26.44307  61.15564
26.35562  61.15612
 26.6379  61.15628
 26.6438  61.15804
26.66016   61.1587
26.34499     61.16
 26.7401   61.16325
26.66095  61.16213
26.66549   61.1645
26.56907  61.16303
26.63906  61.16409
 26.5996  61.16459
26.67695  61.16454
26.61263  61.16724
26.57859    61.1669
26.71183  61.16758
  26.423   61.1694
26.40329  61.17004
26.69939  61.17008
26.63539  61.17056
26.41142 61.17179
26.45588  61.17262
26.68489   61.17396
26.30395         61.17524
26.62319  61.17534
26.57328 61.17612
26.60163  61.17705
26.64568  61.17727
26.35761  61.18038
26.50097  61.17909
26.61172  61.17957
26.31874  61.17992
26.66346  61.17958
26.63838  61.17943
26.52569 61.18001
 26.4975  61.18056
26.43957 61.18197
 26.5143  61.18286
26.51883    61.183
26.69516  61.18393
26.56835  61.18573
26.65222  61.18628
26.49503  61.18783
26.49454 61.18992
26.41185   61.19257
26.52895  61.19234
26.49816   61.19453
26.30748         61.19287
 26.5343  61.19467
26.65261 61.19278
26.54395  61.19348
26.52895  61.19749
26.55753  61.19361
26.42699  61.19405
26.69756  61.19401
26.68683  61.19529
 26.6497  61.19583
26.40528  61.19631
26.42096   61.1973
26.47452  61.19796
26.35892    61.19972
26.74659     61.19872
26.47172 61.19931
26.68904  61.19986
26.62358  61.20084
26.65095  61.20109
26.58721  61.20122
26.71405   61.20171
 26.6448   61.2048
26.49486  61.20316
26.33437   61.2037
26.53442  61.20408
 26.5404 61.20593
26.50098  61.20556
26.51464    61.205
 26.7181   61.20475
26.60777  61.20644
26.65104  61.20701
 26.6152  61.20707
26.36775  61.20883
26.60661  61.20901
26.48265  61.20902
26.31689  61.21021
26.46491  61.21286
26.50493  61.21118
26.62703  61.21179
26.35286   61.21244
26.49701  61.21264
26.48361  61.21251
26.65393   61.21268
 26.6406 61.21311
26.49954  61.21419
26.40865  61.21463
26.61743  61.21504
26.59673  61.21588
26.41465  61.21634
26.62589   61.21658
26.32999  61.21879
26.50998   61.22062
26.67242  61.22087
26.61815  61.22275
26.33347  61.22195
26.40438  61.22344
26.70507  61.22364
26.33075  61.22409
26.59131 61.22418
26.64074  61.22611
26.61538  61.22695
26.52545  61.22753
26.64823 61.22752
26.52019  61.22822
 26.5584  61.22881
26.61918  61.23065
26.31284  61.23104
26.48346  61.23478
26.60087  61.23383
26.46509  61.23243
26.45869  61.23249
26.60979  61.23275
26.53777   61.2329
26.52723  61.23388
 26.6658  61.23402
26.56622  61.23417
26.66231    61.235
26.31297  61.23601
26.61206  61.23644
26.58327  61.23659
 26.6555  61.23815
26.60441  61.23754
26.58425  61.23931
26.73093   61.23816
 26.6231  61.23892
 26.5106   61.2395
26.69666  61.24203
 26.5686  61.24084
26.72856  61.24054
 26.4753  61.24108
26.62755  61.24143
26.57129  61.24233
26.61021  61.24439
26.41369    61.245
26.45133  61.24655
26.38659    61.24675
26.71843   61.24719
26.70854  61.24854
26.70558  61.24871
26.72959   61.25214
26.50856   61.2506
26.65228  61.25317
26.59968  61.25312
26.59892  61.25825
 26.6766 61.25428
26.58346  61.25581
26.68038  61.25593
26.64771  61.25613
26.54254  61.25675
26.69985  61.25752
26.58727  61.25892
26.54677 61.26053
26.64375  61.26245
26.58166 61.26357
 26.4784  61.26292
26.64791  61.26323
26.45186   61.265
26.71086  61.26562
26.64212 61.26623
26.46618  61.26756
26.49886  61.26702
26.59891  61.26795
26.69007  61.26846
26.48479  61.26882
26.62066  61.27027
26.60508  61.27121
 26.3748   61.27316
26.44924  61.27337
26.52629   61.27529
26.42719  61.27361
26.42284  61.27551
26.63823  61.27723
 26.4894    61.28139
 26.6403  61.27989
26.69576  61.28134
26.61106  61.28492
26.54734  61.28426
26.42455  61.28725
26.67432    61.2871
26.65014  61.29414
26.38416 61.29449
26.65772  61.29505
26.54574  61.29731
26.56322 61.29712
26.65599   61.29997
26.37272  61.30248
26.61589   61.30395
 26.7241   61.30463
26.52131  61.30776
26.40266  61.30984
26.67015  61.31249
26.50867  61.32063
26.47366   61.3208
26.35297  61.31963
26.71387  61.32425
26.46485 61.32452
26.38356  61.32738
26.32494  61.32777
26.34912  61.32993
26.67718   61.33556
26.69874   61.33577
26.69269   61.33711
26.74421   61.12669
26.74658   61.14037
26.75259     61.17929
26.69847   61.18211
26.74455   61.19872
26.74779    61.20826
26.63721   61.21499
26.75334     61.23309
26.72251    61.2391
26.75084   61.25379
26.67672  61.15295
26.51685  61.22486
 26.5868  61.26464
26.67324   61.33673
26.67009  61.21825
 26.5268  61.22513
26.62541    61.2437
 26.6274  61.21398
26.52772  61.18847
26.75516     61.33003
