26.69156 61.33476
26.67003 61.33451
26.31935  61.32614
 26.7068 61.32322
26.50186 61.31936
26.34711   61.31814
26.66312  61.31142
26.39648 61.30848
26.51451 61.30654
26.60895  61.30286
26.36672   61.3011
26.65082  61.29401
26.37799  61.29315
26.66753  61.28609
26.41825  61.28599
 26.6042 61.28385
26.48282    61.2802
26.63349  61.27882
26.51963   61.27414
26.44277  61.27215
26.36873  61.27188
26.59218 61.26684
26.70431   61.2646
26.57491  61.26248
26.64122  61.26216
26.54009  61.25939
26.57683   61.25468
26.67006  61.25321
26.59298  61.25201
26.50198  61.24944
26.71205   61.24612
26.38052  61.24555
26.44487  61.24534
26.60358  61.24323
26.69007  61.24099
26.62096  61.24028
26.46882   61.2399
26.57759  61.23815
26.72463 61.23705
26.60544  61.23527
26.30725   61.23478
26.65581   61.23386
26.47693  61.23323
26.65939  61.23287
26.59432  61.23267
26.53118   61.23175
26.60323  61.23156
26.61262  61.22949
26.55181  61.22762
26.51365   61.22766
26.64171  61.22634
26.51885  61.22635
26.60882  61.22576
26.58474   61.22298
26.32489   61.22289
26.61139  61.22165
26.61409   61.22129
26.66603  61.21966
26.50346 61.21941
26.61942  61.21534
26.40837  61.21513
26.59026  61.21463
 26.4931  61.21297
26.63421  61.21186
26.47712  61.21132
26.49055  61.21141
26.34691 61.21125
26.60015  61.20773
26.60872  61.20579
26.64467  61.20574
26.63803  61.20542
26.53395   61.20468
26.50819  61.20373
26.52794  61.20282
26.32853   61.20252
26.48846  61.20188
26.29394    61.20134
26.70802   61.2004
26.58077  61.19992
26.61717  61.19954
26.68285  61.19854
26.35283 61.19851
26.46533  61.19806
26.46807   61.19673
26.52253  61.19621
26.39905  61.19508
 26.5279  61.19336
26.69145  61.19267
26.55116  61.19229
26.64633 61.19144
26.64598  61.18488
26.68912  61.18252
26.50791  61.18153
26.43325   61.18072
 26.4911  61.17923
26.63679  61.17722
26.63947  61.17585
 26.5953   61.17563
26.56691   61.17474
26.61692   61.1739
26.67887  61.17248
 26.4495   61.1713
26.69346  61.16855
26.39703   61.16876
26.41672  61.16808
 26.6064  61.16576
26.57225  61.16547
26.67093  61.16298
26.65941  61.16297
26.63287  61.16255
26.73451  61.16165
26.65486  61.16057
26.33891  61.15874
26.65412  61.15711
 26.3495  61.15485
26.43676  61.15425
 26.5265  61.15383
26.48399 61.15233
26.39324  61.15029
26.46398  61.14346
 26.5946  61.13932
26.51921  61.13838
  26.463   61.1374
26.45973  61.13515
26.40096  61.13138
26.43248  61.13103
26.32332   61.12881
 26.5468  61.12846
26.60569   61.12659
26.73894         61.12467
 26.4389   61.12173
26.31303    61.12182
26.46726 61.31942
26.63862   61.20348
26.64469 61.19978
26.66661  61.15245
26.63713 61.26163
26.59333  61.25665
 26.5136  61.22689
26.63536  61.14914
26.47721 61.23389
26.51347  61.22636
