26.47378 61.32064
26.50862 61.32055
26.35382 61.31937
26.40315  61.3097
26.52124 61.30772
 26.3734  61.30234
26.38472   61.29439
 26.6743  61.28719
26.48949   61.2814
26.64022  61.27995
26.52628  61.27531
26.37539   61.27314
26.58159  61.26362
26.64792  61.26328
26.64382  61.26253
26.59901  61.25827
26.58344  61.25585
26.38709  61.24678
26.45152  61.24658
26.61022  61.24438
26.69706  61.24201
26.62762  61.24144
26.47547  61.24112
26.58425  61.23931
26.61211  61.23642
 26.6625  61.23497
26.48375  61.23481
26.60093  61.23381
26.60987  61.23272
26.61927  61.23064
26.55842  61.22882
26.52038 61.22827
 26.6484  61.22748
26.52543  61.22755
26.59138  61.22415
26.33146   61.22418
 26.6181  61.22274
26.67269  61.22079
26.51003  61.22062
26.62607  61.21651
26.41498   61.21639
26.49961   61.21418
26.49716  61.21263
26.48373  61.21252
26.60677   61.2089
26.61536  61.20697
26.65129  61.20688
26.64508  61.20466
26.54049  61.20587
26.53453  61.20404
26.49501  61.20312
26.62379  61.20071
26.68952  61.19968
 26.4719   61.1993
26.47461  61.19796
26.52908   61.19743
26.40559  61.19635
26.53444  61.19459
26.69812   61.1938
 26.5577   61.1935
26.65298 61.19259
26.51443  61.18275
26.43978 61.18196
26.49764 61.18048
26.64605    61.177
26.57346  61.17592
26.62353  61.17507
26.45605  61.17255
26.40359  61.17003
26.42325 61.16937
26.61295 61.16695
26.57882  61.16665
26.66602 61.16412
26.67759  61.16414
26.63946  61.16374
26.66148 61.16174
 26.3454   61.16004
26.44326   61.15554
26.53298  61.15504
26.39973  61.15157
26.64183  61.15032
26.47046  61.14473
26.60112  61.14053
26.46621  61.13643
26.40743  61.13269
26.43892  61.13229
26.32978   61.13014
26.55325  61.12967
26.61217  61.12779
26.31946  61.12316
26.44538  61.12303
26.63497   61.1187
26.58738 61.20112
26.35594   61.15614
26.44943  61.27341
