26.31974 61.12339
26.44547 61.12351
26.74339  61.12682
26.61138 61.12855
26.33004 61.13037
26.55286 61.13032
26.43907 61.13272
26.40762 61.13303
26.46627 61.13685
26.60043 61.14114
26.47048   61.1451
26.64087  61.15092
26.39991  61.15179
26.53278    61.15544
26.44335   61.1558
26.34558 61.16014
26.66039 61.16227
26.73929  61.16338
26.63858  61.16422
 26.6649  61.16464
26.67639  61.16466
26.57835  61.16702
 26.6123  61.16737
26.42337  61.16954
26.40371  61.17019
26.45615  61.17276
26.62283  61.17544
26.57309  61.17624
26.64521 61.17739
26.64267  61.17866
26.49761  61.18069
26.43988  61.18209
26.51435  61.18298
26.65216  61.19286
26.55744   61.1937
26.52898  61.19758
 26.6969 61.19408
26.53429  61.19475
26.40568  61.19641
26.47469  61.19805
26.47192  61.19941
26.68843  61.19992
26.62324   61.2009
26.64436   61.20485
26.49498  61.20324
26.53441  61.20415
26.54034  61.20601
26.65058  61.20707
26.61488  61.20713
26.74878     61.20828
26.60634  61.20905
26.49711   61.2127
26.48374  61.21259
26.49964   61.21425
26.41504  61.21642
26.62556   61.21662
26.67184   61.2209
26.51003  61.22068
26.61758  61.22284
26.52544  61.22758
 26.3314  61.22417
26.59105   61.22422
26.64776  61.22754
26.52034   61.22828
26.55829  61.22884
26.61882 61.23067
26.60946  61.23276
26.60061  61.23385
26.66181  61.23501
 26.4838  61.23481
26.61173  61.23644
26.73017  61.23817
  26.584  61.23932
26.69613  61.24201
26.47547  61.24111
26.62722  61.24143
 26.6099   61.24438
26.45158  61.24657
26.38709  61.24677
 26.7177   61.24718
26.58326  61.25581
26.59877  61.25823
26.64337  61.26245
26.64752  61.26322
26.58145  61.26356
26.71024  61.26559
26.37528  61.27318
26.44949  61.27338
 26.5263 61.27527
26.63986  61.27985
26.48952  61.28138
26.67381  61.28705
 26.3846  61.29449
 26.3732  61.30247
26.52131  61.30768
26.40303  61.30981
 26.4738  61.32072
26.35347   61.3196
26.50868  61.32058
26.71322  61.32411
26.69815   61.33566
 26.7545     61.20253
26.74699    61.2083
26.58698 61.20129
26.62002  61.22258
