26.47378  61.3206
 26.3538  61.31932
26.52123 61.30767
26.37339   61.3023
26.67435  61.28716
26.48947  61.28137
26.64026   61.27993
26.52628  61.27529
26.58162  61.26359
26.64794  61.26326
26.64385  61.26251
26.59904  61.25826
26.58343  61.25584
26.38709  61.24676
26.45148  61.24656
26.61024  61.24438
26.62766  61.24143
26.58426  61.23931
26.61216  61.23642
26.66255  61.23497
26.48373   61.2348
26.60097   61.2338
26.60992  61.23272
 26.6193  61.23063
26.52037  61.22825
26.64846   61.22747
26.59142  61.22414
26.33143   61.22417
26.61816  61.22273
26.67274  61.22079
26.51003   61.2206
 26.6261   61.2165
26.41494  61.21637
26.49959  61.21415
26.49716   61.21262
26.48372  61.21251
26.60678  61.2089
 26.6154  61.20697
26.64512  61.20466
 26.5405   61.20586
26.53451  61.20403
26.49499  61.20311
26.68958  61.19969
26.47186  61.19928
26.47454  61.19796
26.52906  61.19741
26.40558  61.19633
26.69819   61.1938
26.55769  61.19348
26.65302   61.19258
26.51442  61.18275
26.43975   61.18194
26.64607  61.17699
26.57348  61.17592
26.62356  61.17506
26.45605    61.17254
26.42323  61.16936
26.61296  61.16694
26.66606   61.1641
26.63951  61.16371
26.34534  61.16003
26.44323   61.15552
26.53298  61.15503
26.64185   61.1503
26.60111  61.14052
26.40741  61.13268
26.32973   61.13013
26.55325  61.12967
 26.6122  61.12778
26.44535  61.12303
26.63501  61.11868
26.52536  61.22756
26.53439  61.19459
