26.31987 61.12352
26.44563 61.12368
26.74339  61.12709
26.55291 61.13049
 26.6114 61.12877
26.33018 61.13047
26.43919 61.13284
26.40778 61.13317
26.60048 61.14131
26.64089   61.15108
26.67197   61.15443
26.53283  61.15558
 26.4435   61.1559
26.34573  61.16024
26.73924   61.16356
 26.6386  61.16435
26.67637  61.16481
26.66491 61.16478
26.61234  61.16749
 26.4235  61.16963
26.45625  61.17284
26.62284  61.17556
26.57313  61.17634
 26.6452    61.1775
26.49772  61.18076
26.43998  61.18219
26.51442  61.18305
26.65214  61.19295
26.55751  61.19376
26.52905  61.19765
26.69687  61.19419
26.40585   61.19645
26.42148   61.19744
26.47478  61.19812
26.47199  61.19946
 26.6884  61.20001
26.49507  61.20328
26.53447  61.20422
26.64437  61.20493
 26.5404  61.20605
26.61489  61.20719
26.60634  61.20912
26.49719   61.21273
26.48382  61.21261
26.49973  61.21428
26.41517  61.21645
26.62555  61.21666
26.67182   61.22096
26.51009  61.22069
26.61757  61.22285
26.33153  61.22421
26.59106  61.22425
26.52553    61.22759
26.64775  61.22757
26.52039  61.22828
26.55831  61.22887
 26.6188  61.2307
26.66177  61.23504
26.60944 61.23279
 26.6006  61.23387
 26.6652 61.23406
26.48383  61.23482
 26.6117   61.23647
 26.7301    61.2382
26.58401  61.23933
 26.6959  61.24203
26.62716 61.24144
26.60989   61.2444
26.45166 61.24657
26.38714  61.24679
26.71764   61.2472
 26.5987    61.2582
26.64333 61.26245
26.64747  61.26322
26.58146  61.26354
26.71013 61.26559
26.37535  61.27314
26.52632  61.27524
26.63983 61.27982
26.48954  61.28134
26.67376  61.28702
26.38467  61.29441
26.37327 61.30237
26.52131  61.30763
26.40312  61.30971
26.47386 61.32062
 26.3536  61.31946
26.50871  61.32048
26.32571  61.32758
26.69807  61.33557
26.57835  61.16717
26.52684  61.22508
26.31377  61.23607
26.47547  61.24111
26.58322  61.25581
26.71312  61.32408
26.47048  61.14521
26.66033  61.16236
26.53435  61.19484
26.74694    61.14076
26.74788     61.20821
