26.63445 61.11914
26.44541 61.12335
26.74421  61.12624
26.75947 61.12694
26.61179 61.12816
26.76318   61.12856
26.55307 61.13002
26.32951       61.13038
26.40745 61.13295
26.60076  61.14082
26.64127  61.15056
26.53283  61.15527
26.44314  61.15575
26.34508  61.16027
26.74001   61.16297
26.63897  61.16392
26.66538  61.16433
 26.6769  61.16435
26.61256  61.16713
 26.4231   61.16957
26.45594  61.17277
26.62313  61.17522
 26.5732  61.17608
26.64556 61.17714
26.64302   61.1784
 26.4396  61.18215
26.51428  61.18294
 26.6525 61.19269
26.55748  61.19364
 26.5289  61.19758
 26.6974  61.19385
26.40526  61.19658
26.47445  61.19813
26.47166  61.19949
26.68885  61.19972
26.64465  61.20472
26.75555    61.20236
26.49481   61.2033
26.53434  61.20417
26.54027  61.20601
26.61506  61.20705
26.60645   61.20899
26.49689  61.21279
26.48351   61.21269
26.49943  61.21435
26.41458 61.21664
26.62572  61.21655
26.67217  61.22079
 26.5098  61.22078
26.61814 61.22274
26.33061  61.22455
26.59113  61.22422
26.64799  61.22748
26.52532  61.22769
26.52013  61.22841
 26.5582  61.22892
26.75977  61.22959
26.61895  61.23066
26.60955  61.23277
26.66569  61.23398
26.60065  61.23388
26.48348  61.23502
26.66206  61.23497
26.61183 61.23647
26.73063  61.23805
26.58399  61.23939
26.62728  61.24147
26.60996  61.24446
26.45113  61.24686
26.38645  61.24715
26.71813 61.24711
26.58319  61.25598
26.59874    61.25836
26.64345  61.26251
26.64759  61.26328
26.58136   61.26374
26.71054  61.26561
26.52599  61.27557
26.63995     61.28
26.48909  61.28175
26.67394  61.28719
26.76475   61.29206
26.37238  61.30307
26.52084  61.30811
 26.4732  61.32127
26.35255 61.32032
26.71334  61.32432
26.69817  61.33592
 26.4975  61.18069
26.38388  61.29503
26.50825  61.32103
