26.67697 61.33527
26.34969 61.32986
26.38413 61.32728
26.32561  61.32772
 26.7136 61.32395
26.47393 61.32067
26.46512 61.32439
26.50885 61.32048
26.35351 61.31957
26.66996  61.31224
26.40306  61.30978
26.52142  61.30762
26.61585  61.30376
26.37322  61.30245
26.65588  61.29977
26.54587  61.29718
 26.5633  61.29699
26.65757  61.29487
 26.3846  61.29447
   26.65  61.29395
26.67412  61.28692
26.42493  61.28722
26.54742  61.28415
26.48962  61.28132
26.61097  61.28478
26.69554   61.28115
26.64016 61.27973
26.63811  61.27709
26.42321   61.27551
26.52644  61.27521
26.42754   61.2736
26.44952   61.27336
26.37528    61.2732
26.60499  61.27111
26.62057  61.27016
26.48496  61.26878
26.68986   61.2683
26.59889  61.26785
26.64199  61.26612
26.46641  61.26754
26.49906  61.26697
26.64778   61.2631
 26.7106  61.26546
26.58702  61.26454
26.45213    61.265
26.59845  61.25811
26.58161  61.26347
26.47861   61.2629
26.64354   61.2623
26.54687 61.26047
26.58726  61.25885
26.69962   61.25737
26.54258  61.25669
26.64758  61.25601
26.68015   61.2558
26.58351   61.25573
26.67641  61.25416
26.65214  61.25306
26.59963  61.25304
26.50876  61.25057
26.70531   61.2486
26.71808 61.24705
26.38704   61.24681
26.45159  61.24657
26.61009   61.2443
26.41404  61.24505
26.69638   61.2419
 26.5713   61.24228
26.58463  61.24133
26.62743  61.24134
26.58421 61.23926
26.47558  61.24109
26.56861  61.24079
26.51073  61.23949
26.60432  61.23747
26.48341   61.23479
26.65529  61.23806
26.61198 61.23637
26.58321  61.23654
26.31358   61.23614
26.66213   61.2349
26.53785  61.2329
26.56622  61.23415
26.60083   61.23377
 26.6097  61.23269
 26.6653  61.23394
26.45901   61.23253
26.46535  61.23246
 26.5201  61.22827
26.31346   61.23117
26.55841   61.2288
26.61907  61.23059
26.52559  61.22754
26.64803 61.22745
26.61527   61.2269
26.33131   61.22423
26.64061   61.22604
26.51705  61.22489
26.61796  61.22273
26.59128  61.22415
26.70476  61.22354
26.40481  61.22352
26.51008 61.22065
26.67217  61.22079
26.33405   61.22208
26.33055   61.21894
26.66986  61.21813
26.62579  61.21654
26.41506  61.21643
26.59669   61.21584
26.61737  61.21501
26.40901   61.21473
26.49969  61.21423
26.64048  61.21307
26.46519 61.21292
26.35336  61.21258
26.48381  61.21257
26.49718 61.21268
26.62688  61.21175
26.31748   61.21037
26.60652  61.20898
26.48283  61.20908
26.36821  61.20896
26.61504  61.20705
26.65084 61.20698
26.64459  61.20475
26.60768  61.20641
26.54045  61.20596
26.50112 61.20561
26.51478 61.20503
26.53451  61.20411
26.33492   61.20386
26.49506  61.20322
26.71376   61.20165
26.58718 61.20122
26.65077  61.20105
26.62345  61.20083
26.68875  61.19981
26.35938  61.19986
26.47193   61.1994
26.47473  61.19804
26.52905 61.19754
26.42132  61.19741
26.40568  61.19643
 26.6495   61.19582
 26.5344  61.19472
26.69724  61.19397
26.42729  61.19416
26.54401   61.19353
26.55759  61.19365
26.65242  61.19277
26.41225  61.1927
26.52906  61.1924
26.49467     61.19
  26.652  61.18628
26.49515  61.18792
26.56834  61.18577
26.69485   61.1839
26.51896   61.18308
26.51442  61.18295
26.43989  61.18209
26.61162  61.17959
26.49766  61.18067
 26.3581 61.18057
26.52581  61.18009
26.66241  61.17962
26.31933   61.18011
26.66326   61.17959
26.63825  61.17945
26.50115  61.17918
26.64549   61.1773
26.60154    61.17709
26.57322 61.17619
26.57793  61.17629
26.62307  61.17537
26.68459 61.17398
26.45612  61.17275
26.69907 61.17008
26.41181  61.17196
26.61246  61.16729
26.63521   61.1706
26.40372  61.17021
26.42339  61.16956
 26.7115  61.16759
 26.6652  61.16455
26.57852 61.16697
 26.5996  61.16462
26.67668  61.16457
26.63883  61.16414
26.56904 61.16311
26.66067  61.16218
26.34544    61.1602
26.65994  61.15875
26.35604  61.15631
26.44338  61.15581
26.53284  61.15541
26.39953   61.15527
26.67227  61.15417
26.64109  61.15082
26.45152  61.15417
26.49045  61.15391
 26.6765  61.15297
26.39982  61.15183
 26.4312   61.15183
26.65961 61.14994
26.42803  61.15075
26.65768 61.14561
 26.3934 61.14694
26.39831  61.14677
26.51541  61.14623
 26.5459  61.14363
26.47052  61.14511
 26.6006  61.14108
26.62877  61.14262
26.46656  61.14211
26.52555    61.14007
26.32267   61.14116
26.52947  61.13979
26.48825  61.13951
 26.4695  61.13908
26.46625  61.13687
26.64652  61.13626
26.64285  61.17865
26.56539   61.1636
26.64357  61.15812
26.46662  61.14789
26.52697    61.22502
26.62743  61.21394
26.39958   61.3082
26.71779  61.20466
26.52737  61.23389
26.34623 61.16271
 26.6377  61.15635
