26.44552  61.1235
26.61137 61.12854
26.55286 61.13029
26.64085  61.15091
26.53277  61.15545
26.61227  61.16737
26.65212  61.19287
26.52898   61.1976
 26.6443  61.20487
26.49498  61.20326
26.61483  61.20715
26.49711  61.21272
26.49966  61.21427
26.67178  61.22091
26.59101  61.22423
26.52544  61.22759
26.52036   61.2283
26.48382  61.23484
26.66174  61.23503
26.45163  61.24659
26.38715  61.24679
26.59873  61.25824
26.64331  61.26246
26.64747  61.26324
 26.5814  61.26357
26.71017  61.26561
26.52627  61.27528
26.48953   61.28139
26.37329 61.30249
26.52128   61.3077
26.47383  61.32073
26.69808   61.33567
26.66502  61.23406
26.44337  61.15582
26.48375  61.21259
26.51001  61.22068
26.58398  61.23934
26.74383  61.12685
