26.71374 61.32405
26.47386 61.32074
26.50883 61.32059
26.35332 61.31967
 26.6701  61.31234
26.40295  61.30984
26.52142   61.3077
26.61589  61.30383
26.37306   61.30251
26.65597   61.29978
26.65449  61.29872
26.65766  61.29492
26.38449  61.29453
26.65009  61.29402
26.67423  61.28699
26.42488  61.28725
26.61103  61.28484
26.69565   61.2812
 26.4896  61.28137
26.64024  61.27979
26.52643 61.27525
26.44946  61.27339
26.37511  61.27322
26.62064  61.27019
26.59893  61.26788
26.64207  61.26617
26.64786  61.26315
26.71072     61.2655
26.58166  61.26351
26.54687  61.26049
26.69972  61.25742
26.64766  61.25605
26.58353  61.25576
 26.6765  61.25418
26.59968  61.25306
26.50874  61.25059
26.70543 61.24862
26.70849  61.24843
26.71826  61.24708
26.38697 61.24679
26.45155 61.24657
26.61015  61.24433
 26.6275  61.24136
26.69665  61.24191
26.58426  61.23927
26.47553   61.2411
26.60438 61.23749
26.65539    61.23807
26.48381  61.23481
26.61204  61.23638
26.58326  61.23655
 26.3134    61.23613
26.66221 61.23493
26.66584   61.23394
26.60087  61.23379
26.60975    61.2327
26.53786   61.2329
26.52039  61.22825
26.31326   61.23116
26.61914   61.2306
26.64814   61.22746
26.55843   61.2288
26.52557  61.22754
26.61532  61.22692
  26.517 61.22484
26.59132 61.22416
26.33113    61.2242
26.40471   61.2235
26.51008  61.22064
26.61797  61.22274
26.67229   61.2208
26.33395  61.22204
 26.3304    61.21892
26.62585   61.21654
26.41497  61.21641
26.59674 61.21584
26.49969  61.21423
26.35325  61.21253
26.64055   61.21307
26.48377  61.21256
26.49714  61.21266
26.60657   61.20896
26.48278 61.20908
26.61512  61.20704
26.65093 61.20697
26.64468  61.20475
26.60774   61.2064
26.54046  61.20595
26.51478  61.20501
26.53451   61.20409
26.33474   61.20382
26.49503  61.20319
 26.7139  61.20165
26.58722  61.20119
26.65085  61.20104
26.62351  61.20082
26.68886  61.19981
26.35925  61.19981
26.47189   61.19938
26.47469    61.198
26.52906 61.19751
 26.4056  61.19639
26.53441  61.19468
26.69739  61.19396
26.55761  61.19363
 26.6525 61.19276
26.49466  61.18996
26.49514   61.18788
26.65207  61.18626
26.56838  61.18573
  26.695  61.18388
26.51895  61.18301
26.51441  61.18291
26.43981  61.18205
26.49765  61.18064
 26.5258  61.18004
26.31915    61.18005
26.63838 61.17944
26.50114  61.17915
26.64305  61.17849
26.64554 61.17727
26.60159  61.17705
26.57327  61.17616
26.62312  61.17533
26.68473  61.17396
26.45609  61.17271
26.69919   61.17006
26.40359  61.17017
 26.4233  61.16952
26.61254  61.16726
26.57857  61.16693
26.67678  61.16453
26.66532  61.16452
26.63892  61.16409
26.66079    61.16214
 26.3453   61.16014
26.66003  61.15872
26.35594  61.15625
26.44331 61.15575
26.53286  61.15536
26.39942   61.15519
26.49045  61.15384
26.39975  61.15174
26.64119  61.15078
26.65972  61.1499
26.39822   61.14671
26.47048  61.14503
26.54594  61.14355
26.46652  61.14204
26.60065  61.14103
26.52557  61.14001
26.52948  61.1397
26.46946   61.13899
26.46622 61.13677
26.59892  61.25818
26.64373  61.26233
26.57821 61.17625
26.52693  61.22499
26.65565  61.29944
