26.69041 61.33396
26.70566 61.32245
26.50065  61.31856
26.46589  61.31864
26.34599   61.3173
26.39532  61.30764
26.51333  61.30571
26.36561  61.30027
26.37695  61.29235
26.66632  61.28529
26.48167  61.27941
26.63228  61.27804
26.51845  61.27331
26.44164  61.27138
26.59095  61.26605
26.70313  61.26382
26.57373 61.26166
26.64004  61.26138
26.57561   61.2539
26.71084   61.24532
26.37942  61.24473
26.44376  61.24457
26.60235  61.24246
26.68898  61.24017
26.61978  61.23951
26.46766  61.23911
26.57642  61.23738
26.72345  61.23629
26.60427   61.2345
26.65463  61.23306
26.47615  61.23301
 26.6582   61.23212
26.59308  61.23187
26.60202  61.23078
26.61143  61.22869
26.55061  61.22685
26.64054  61.22554
26.51768  61.22554
26.58355   61.22218
26.32376   61.22209
26.61021 61.22085
26.66482  61.21889
26.50224 61.21862
26.61824 61.21457
 26.4073  61.21435
26.58906  61.21386
26.49187 61.21218
26.63303  61.21109
26.47597   61.2105
26.48937   61.2106
26.59894  61.20695
26.60756  61.20503
26.64349  61.20495
26.63685  61.20457
26.53271  61.20389
26.63724  61.20272
26.52677  61.20204
26.48727   61.20111
26.57958  61.19915
26.61601  61.19877
26.68167  61.19777
26.35176  61.19773
26.46413  61.19728
26.46692   61.19591
26.52134  61.19543
26.39794 61.19426
26.52669  61.19258
26.69027  61.19187
26.54991 61.19151
26.64515  61.19065
 26.5067  61.18073
 26.4321   61.1799
26.48993  61.17846
26.63824  61.17505
26.59411  61.17486
26.56567  61.17394
26.61578  61.17313
26.67767  61.17171
26.44838  61.17052
26.69229   61.16778
26.39594  61.16796
26.41559   61.16731
26.60517  61.16499
26.57104  61.16467
26.66978  61.16223
26.65824  61.16219
26.63171  61.16179
26.73331   61.16087
26.65369  61.15979
26.33784  61.15793
26.65295   61.15635
 26.3484  61.15402
26.43561 61.15348
26.52523  61.15303
26.39212  61.14948
26.63406  61.14837
26.46282  61.14268
26.59338  61.13856
26.45857  61.13437
26.39984  61.13061
26.43132  61.13023
26.32221     61.128
26.54555  61.12767
26.60444   61.12582
26.73779         61.12387
26.50699  61.20296
26.59103  61.25682
26.61269   61.2205
26.63567  61.26041
26.51352   61.2267
26.59179  61.25121
26.30627  61.23399
