
# Image: 20170216.fits  Wcsin: logical Wcsout: world

26.69291 61.33462
26.46823 61.31938
26.51565 61.30643
 26.3678  61.30104
26.28903   61.28229
26.48397  61.28013
26.52075   61.27405
26.64246 61.26206
26.63829  61.26127
26.59352  61.25703
26.38161  61.24542
26.44597  61.24529
26.65702  61.23373
26.47824  61.23355
26.51488  61.22699
26.66726  61.21956
26.49417  61.21293
 26.4916  61.21134
26.60988   61.2057
26.63962  61.20341
 26.5236  61.19616
 26.6075  61.16567
26.63639  61.14903
26.54781  61.12838
26.60677   61.1265
26.43987  61.12169
26.62957   61.11739
