26.69293 61.33663
  26.699 61.33531
26.71432 61.32376
26.47374   61.32023
26.35343  61.31905
26.52139 61.30725
26.37316   61.30196
26.67485  61.28657
26.48958  61.28089
26.64077  61.27935
26.52651  61.27477
26.64272  61.26569
26.71187  61.26499
26.58198    61.263
26.64853  61.26264
26.64438  61.26185
26.59946  61.25764
26.58389  61.25522
26.71957 61.24644
  26.387  61.24627
26.45159  61.24603
26.61072  61.24372
26.58472  61.23866
 26.6282 61.24075
26.62379  61.23821
26.73225  61.23738
26.61268  61.23573
26.58372  61.23592
26.66321  61.23423
26.48393   61.2342
26.66685  61.23326
26.60147  61.23312
26.61043    61.232
26.61989  61.22991
26.52067  61.22761
26.64911  61.22672
26.52581  61.22689
26.52726  61.22432
26.33129   61.22367
 26.5919  61.22344
26.61863  61.22205
26.62138 61.22173
26.33408   61.22147
26.67347  61.22002
26.51033  61.21996
26.62671  61.21575
26.41503  61.21579
26.49993  61.21353
26.48393  61.21187
26.49737  61.21196
26.64544 61.20575
26.60737  61.20815
26.61598   61.2062
26.65207  61.20609
26.60845  61.20554
26.54091  61.20517
 26.6458  61.20386
26.53495  61.20332
26.49529  61.20244
26.52951 61.1967
26.69039  61.19884
26.47211  61.19864
 26.4749  61.19727
26.40564   61.1957
26.65084   61.19485
26.53489  61.19385
26.69902  61.19293
26.55822  61.19275
26.65373  61.19175
26.51943 61.18215
26.51484      61.182
26.43994 61.18125
26.64417    61.17754
26.64683 61.17613
26.57886  61.17523
26.57406  61.17512
26.62428  61.17423
26.45631  61.17182
26.42339  61.16865
26.61365   61.1661
26.66689 61.16322
26.74227   61.1618
26.66236  61.16082
26.34538   61.15934
26.44352  61.15476
26.53345  61.15421
26.64267   61.1494
26.60183 61.13961
26.46982  61.13781
26.46657  61.13558
26.40768 61.13187
 26.3298   61.12938
26.55384  61.12877
26.61299   61.12684
26.74675   61.12472
26.72994   61.2398
26.65902  61.23653
26.51712  61.22414
26.41147 61.12932
26.74033  61.15986
26.58537   61.24088
26.67115  61.21724
26.47022  61.31898
26.44647   61.2456
26.58261  61.24048
