26.71357 61.32425
26.47376 61.32048
26.50858 61.3204
 26.3539  61.31919
26.40319  61.30952
 26.5212  61.30757
 26.3735  61.30218
 26.2906   61.29534
 26.3848  61.29424
26.67416    61.28712
26.29482   61.28344
26.48951  61.28128
26.64009  61.27987
26.52627  61.27522
26.37548 61.27301
26.71096  61.26565
26.58153  61.26354
26.64784  61.26324
26.58356  61.25582
26.71862   61.24715
26.38728  61.24664
26.45161   61.2465
26.61012  61.24434
26.62752  61.24139
 26.5842  61.23927
26.73125  61.23813
26.61201  61.23637
26.66242  61.23494
26.48304  61.23496
26.66606  61.23395
26.60087  61.23379
26.60976  61.23267
26.61917   61.2306
26.55838   61.22877
26.64831  61.22743
26.52553  61.22748
26.59134  61.22412
26.33164  61.22408
26.67262   61.22078
26.51006  61.22056
  26.626  61.21647
 26.4151  61.21631
26.49968  61.21414
26.49714  61.21257
 26.4838  61.21248
26.60672  61.20889
26.61533  61.20696
26.54048   61.20584
26.64502  61.20465
26.53452  61.20399
26.29003    61.2036
26.49506  61.20308
26.68944   61.19965
26.52911   61.19739
26.42133  61.19727
26.40574  61.19628
26.69803  61.19379
26.55767  61.19347
26.65293  61.19258
26.51445  61.18272
 26.4399  61.18191
26.64601  61.17698
26.57339   61.1759
26.62348  61.17505
26.45617 61.17252
 26.4234   61.16933
26.61291  61.16693
26.66596  61.16412
26.67755  61.16415
26.63945  61.16373
26.34565  61.15999
26.44339   61.1555
26.53299  61.15502
26.67313  61.15365
 26.6418  61.15032
 26.6011  61.14053
26.40764 61.13266
26.43907  61.13228
26.33005  61.13009
26.55329  61.12968
26.61217  61.12779
26.31969    61.1231
26.44552    61.123
26.63495   61.11871
26.64354  61.26218
26.51997  61.22839
26.59987  61.25846
26.48462  61.23474
26.59823  61.25786
