26.70033   61.33645
26.47504 61.32138
26.52267  61.30838
26.37447  61.30311
 26.4909  61.28203
26.52783   61.2759
26.58327   61.26414
26.64983  61.26378
26.64571  61.26302
26.60075    61.2588
26.38834  61.24743
 26.4529  61.24717
26.66454  61.23539
26.48524   61.23538
26.52199  61.22876
26.52711  61.22802
26.59322  61.2246
 26.6748  61.22117
26.50127  61.21466
26.49871  61.21311
 26.6173 61.20737
 26.6471  61.20501
26.65333  61.20721
26.49661  61.20358
26.53081  61.19786
26.65502  61.19291
26.61495  61.16725
26.64398  61.15055
26.55519 61.12993
26.61432  61.12796
26.66792  61.23444
 26.6442  61.26676
