
# Image: 20171029.fits  Wcsin: logical Wcsout: world

26.69283 61.33698
26.69893 61.33563
26.32594  61.32751
26.71423 61.32409
 26.4739  61.32059
26.50882  61.32045
26.35374  61.31944
26.35952  61.31858
26.40316  61.30969
26.52148  61.30761
26.37341  61.30235
 26.6564  61.29982
26.38477  61.29437
26.67485  61.28694
26.48975  61.28128
26.64075  61.27974
26.63876  61.27709
26.42334  61.27546
 26.5266   61.27518
26.42767   61.27355
26.44966    61.2733
26.37544  61.27313
26.64856  61.26307
26.71174  61.26541
26.58746  61.26452
26.58205  61.26343
26.64439  61.26229
26.59943  61.25808
26.60014  61.25295
26.71948  61.24689
26.38722   61.24672
26.45178  61.24649
26.61077  61.24416
26.44646  61.24611
26.69758  61.24175
26.58537  61.24135
26.62823  61.24119
26.58237    61.241
26.47578  61.24099
26.72971  61.24023
26.69535  61.24014
26.58476   61.2391
26.62378   61.23867
26.73214 61.23782
26.61268  61.23618
26.65929  61.23695
26.58381   61.2364
26.31392   61.23609
26.66319   61.2347
 26.4841  61.23469
26.66686  61.23371
 26.6015  61.23358
26.61042  61.23247
26.61986  61.23039
26.62384  61.23019
 26.5207  61.22808
26.64907  61.22718
26.52593  61.22736
26.51735 61.22459
26.33158   61.22416
26.59194  61.22392
26.62156  61.22219
 26.3344     61.222
26.67344   61.2205
26.51046   61.22045
26.62673 61.21623
26.41527  61.21628
26.40925  61.21457
26.48411  61.21235
26.49752  61.21244
26.48316  61.20886
26.60741 61.20864
26.61605  61.20669
26.65207  61.20658
26.64538  61.20636
26.54102 61.20566
 26.6458  61.20436
26.53504 61.20381
26.58796  61.20085
26.62452  61.20041
26.69034  61.19932
26.47226  61.19913
26.47506 61.19775
26.42157   61.19719
26.52959  61.19719
26.40593  61.19621
26.65081  61.19533
26.52762  61.19471
26.53496  61.19433
26.69898  61.19342
26.55824  61.19325
26.65377  61.19225
26.51497  61.18252
26.44019  61.18177
26.49814  61.18025
26.50163  61.17876
26.64422  61.17802
26.57916  61.17573
 26.5741  61.17563
26.68639  61.17323
26.45651  61.17235
26.42367  61.16918
26.58169  61.16877
 26.6137   61.1666
26.74213  61.16232
 26.6669 61.16372
26.67847   61.16373
26.64028  61.16335
26.66236  61.16132
26.34567   61.15989
26.66164  61.15788
26.35626  61.15595
26.44373  61.15532
26.67412  61.15322
26.67841    61.152
26.40012  61.15136
 26.6427 61.14991
26.47099  61.14446
26.60192  61.14014
26.59509  61.13914
26.47001 61.13838
26.46676  61.13615
26.40786  61.13244
26.43298  61.13238
26.43944 61.13204
 26.3301    61.12996
26.55399  61.12932
26.33458   61.12905
26.61301   61.12739
26.74669  61.12527
26.55895   61.2286
26.61313 61.22862
26.52736   61.2248
26.61866  61.2225
26.67102 61.21772
26.50009    61.214
 26.6086  61.20603
26.49547  61.20293
 26.5195  61.18261
26.51174   61.17975
26.57951  61.16634
26.74002  61.16038
26.53358  61.15475
26.64274  61.26606
26.58399  61.25563
26.60507   61.23728
 26.7495  61.20763
26.64689  61.17662
26.62433  61.17471
26.40395  61.16985
26.41182  61.12991
26.50554  61.21098
 26.3995  61.30797
26.71954  61.13148
26.47574  61.20144
26.45112  61.17294
