 26.6941 61.33479
26.70933 61.32328
26.46934 61.31954
26.51683   61.3066
26.36896  61.30121
26.28594   61.29436
26.29019   61.28246
26.48509 61.28028
26.52189  61.27421
26.70676  61.26464
26.57724  61.26252
26.64362 61.26223
26.63867  61.26149
 26.5943  61.25726
26.38277   61.2456
26.44717  61.24545
26.60587  61.24329
26.62329  61.24035
26.57992  61.23823
26.72704   61.23708
26.60776  61.23532
26.65816  61.23388
26.60551  61.23161
26.61493  61.22954
26.64406  61.22637
26.52114   61.22642
26.58701  61.22305
26.32705   61.22302
26.66837  61.21971
26.50568     61.2195
26.62175  61.21541
 26.4106  61.21525
26.49529  61.21307
26.49275   61.2115
 26.4794  61.21141
26.60243  61.20781
26.61104  61.20585
26.53613  61.20476
26.64077   61.20356
26.53016   61.20291
26.49064 61.20199
26.68519  61.19857
26.52471  61.19629
26.40124  61.19519
26.69384   61.1927
26.55335  61.19238
26.64866  61.19148
26.43542   61.1808
26.61923    61.17395
26.60864  61.16583
26.66174  61.16302
26.34103  61.15885
26.43894  61.15438
26.52864   61.1539
26.63754  61.14919
26.59682  61.1394
26.40312    61.1315
26.32543   61.12895
26.54896  61.12855
26.60791  61.12665
26.44105  61.12186
26.63066   61.11754
26.47922  61.23362
26.51601  61.22714
