26.50846  61.32032
26.52113  61.30744
26.37286  61.30218
26.38423   61.2942
26.64054  61.27952
 26.5263  61.27498
26.64252  61.26586
26.71166  61.26517
26.64836  61.26281
26.64418 61.26204
26.59929  61.25781
26.61058  61.24391
26.38675  61.24645
26.44601   61.2458
26.45136  61.24621
26.69751  61.24148
26.58212  61.24081
26.69519  61.23987
26.58455   61.23883
26.62357   61.2384
26.61249  61.23592
26.73208  61.23755
  26.663  61.23443
26.48373  61.23439
26.61024   61.2322
26.66669  61.23343
26.61968   61.2301
26.55866  61.22832
26.52047   61.2278
26.59173   61.22363
  26.527  61.22451
26.51705 61.22429
26.67327  61.22019
26.33377   61.22169
26.62107  61.22192
26.51011  61.22014
26.67106  61.21741
26.41478 61.21596
26.49969  61.21372
26.49716  61.21214
 26.6072  61.20835
26.48277  61.20854
26.74936  61.20737
26.60834  61.20572
 26.5407  61.20535
26.53471   61.2035
26.64561  61.20405
 26.6902  61.19902
26.47184  61.19882
26.47466  61.19743
26.52926   61.19688
26.40541   61.19589
 26.6506  61.19502
26.52724  61.19443
26.69885   61.1931
26.55797  61.19293
26.51923  61.18234
 26.5146  61.18218
26.43974   61.18144
26.50129  61.17841
26.64401  61.17772
26.64669   61.1763
26.57884  61.17535
26.57383  61.17529
26.62409  61.17438
26.45039  61.17257
26.42321  61.16884
26.61349  61.16625
26.57922 61.16598
26.74206  61.16197
26.66671  61.16339
26.67831  61.16339
26.66216  61.16099
26.74002  61.16003
26.34514    61.15952
26.44328  61.15493
26.53327  61.15437
26.39961  61.15099
26.64247  61.14954
26.47057  61.14406
26.60167  61.13976
26.46961   61.13798
26.46637  61.13575
26.43249  61.13197
26.40739  61.13203
26.43901  61.13163
26.32949    61.12955
26.55365  61.12893
26.33395   61.12863
26.61276  61.12699
26.74658   61.12488
 26.6928 61.33686
26.69884   61.3355
26.71414 61.32395
26.47353  61.32047
 26.3532  61.31927
26.40267  61.30953
26.48941  61.2811
26.37491  61.27292
 26.5873  61.26427
 26.5818  61.26319
26.58516   61.24112
26.62804  61.24092
26.72969  61.23993
26.58356   61.2361
26.60125   61.2333
26.64889  61.22691
26.52564  61.22707
26.33099   61.22386
26.61838  61.22221
26.62651  61.21591
26.40876  61.21425
26.48376  61.21204
 26.6158   61.20636
26.64523  61.20601
26.65187   61.20625
26.49506  61.20261
26.53464    61.194
26.65357  61.19191
26.55705  61.19017
26.49775  61.17989
26.45607  61.17198
26.64006  61.16299
26.39909 61.30786
26.63854  61.27688
26.62361  61.22987
26.67471 61.28675
26.47525  61.20108
26.71939   61.24665
26.65868  61.2367
