26.69505  61.3352
26.71027  61.3237
26.47026 61.31996
26.50512 61.31986
 26.3502  61.31866
26.51776  61.30701
26.36983  61.30163
26.28685     61.29478
26.38114  61.29368
26.67084 61.28654
26.29112   61.28288
26.48602  61.28069
26.63679  61.27929
26.52283  61.27462
26.70771  61.26505
26.57816  61.26293
26.64458  61.26263
26.64022  61.26215
26.59487  61.25785
26.58021  61.25518
26.71537  61.24653
26.38366  61.24601
26.44805  61.24585
26.60683 61.24371
26.62424  61.24075
26.58085  61.23862
26.72797  61.23749
26.60871    61.23572
26.65912  61.23429
26.48041  61.23409
 26.6628   61.2333
26.59753  61.23311
26.60644    61.232
26.61584  61.22993
  26.555   61.2281
26.51716  61.22754
26.52211  61.22681
  26.645 61.22679
26.32796   61.22343
26.58799  61.22344
26.66931 61.22011
26.50662  61.21989
26.62268   61.2158
26.41153 61.21564
26.49623  61.21346
26.49367 61.21188
26.48028  61.21178
26.60337  61.20819
  26.612  61.20626
 26.5371  61.20515
 26.6417  61.20395
26.53115   61.2033
 26.2863     61.20292
26.49156  61.20237
26.68615  61.19897
 26.5257 61.19669
26.40216 61.19558
26.69477   61.19308
26.55432  61.19277
26.64958  61.19186
26.51105  61.18201
26.43641   61.18119
26.64271  61.17626
26.57008  61.17519
26.62016  61.17432
26.45268  61.17179
26.41987  61.16859
26.60958  61.16619
26.66263 61.16338
26.34201 61.15925
26.43989  61.15475
26.52962  61.15428
26.63849  61.14957
26.59779  61.13976
26.40406  61.13187
26.32644   61.12934
26.54991  61.12889
26.60885  61.12703
26.44207  61.12225
26.63161    61.11791
