1002.607	15.762	-0.7093	0.1579	-0.2091	0.1606	0.7394	0.1581	98.2112	6.125
720.304	16.892	-0.3859	0.07	-0.3541	0.0706	0.5237	0.0703	111.2708	3.8437
50.984	35.695	2.754	0.17	2.9697	0.1722	4.0501	0.1712	23.5787	1.2109
479.351	49.337	-3.0451	0.0616	-1.8315	0.0619	3.5535	0.0617	105.5126	0.4972
347.842	41.776	-2.571	0.0469	-1.7257	0.047	3.0965	0.0469	106.9351	0.4343
979.575	48.165	-1.5078	0.1164	-1.0201	0.1176	1.8205	0.1168	107.0393	1.8376
734.827	59.509	1.38	0.2083	1.6043	0.211	2.1161	0.2098	24.6491	2.8403
805.423	60.763	-3.1029	0.1098	-0.9395	0.1108	3.242	0.1099	98.4227	0.9712
111.057	63.231	-2.5624	0.3338	-1.771	0.338	3.1148	0.3352	107.3247	3.0825
673.862	78.867	-2.56	0.3274	-0.2907	0.3319	2.5764	0.3274	93.2396	3.6409
372.716	100.094	-1.9005	0.1525	-1.4941	0.1535	2.4175	0.1529	109.0859	1.8117
664.535	117.211	-2.8883	0.2976	-1.6098	0.2996	3.3066	0.298	104.5665	2.5821
282.206	145.882	-3.4275	0.033	-1.692	0.033	3.8224	0.033	103.1368	0.2471
822.977	147.839	-2.6258	0.3048	-0.9623	0.3087	2.7965	0.3052	100.0633	3.1268
212.407	161.803	1.944	0.2663	2.2438	0.2691	2.9688	0.2679	24.5473	2.585
524.94	165.675	-3.6333	0.1069	-1.8292	0.1076	4.0677	0.107	103.3617	0.7538
725.503	166.626	-2.6573	0.0922	-0.9939	0.0928	2.8371	0.0923	100.2533	0.9317
921.116	168.496	-2.5714	0.3313	-0.6007	0.336	2.6406	0.3316	96.574	3.5974
944.925	186.512	-2.9437	0.173	-1.406	0.175	3.2623	0.1734	102.7656	1.5227
61.457	205.203	-2.7192	0.1082	-2.2723	0.1093	3.5437	0.1086	109.9419	0.8783
238.651	198.742	-2.9117	0.3093	0.1888	0.3132	2.9178	0.3093	88.145	3.0367
228.552	209.845	-3.4	0.1361	-1.1972	0.1368	3.6046	0.1361	99.699	1.0819
287.633	207.593	-3.5399	0.2134	-2.3489	0.2163	4.2483	0.2143	106.7829	1.445
202.918	210.186	-2.8906	0.2561	-2.4187	0.2601	3.769	0.2577	109.9604	1.9591
422.785	219.941	-3.3049	0.2833	-2.453	0.2851	4.1158	0.2839	108.2922	1.9763
346.73	221.859	-3.4229	0.0381	-1.6958	0.0382	3.8199	0.0381	103.1772	0.2858
770.499	230.359	-3.5783	0.2062	-1.0838	0.2082	3.7388	0.2063	98.4252	1.5809
814.597	233.247	-3.2738	0.3267	-1.2754	0.331	3.5134	0.3272	100.6427	2.6682
697.235	245.371	-3.6886	0.1671	-1.9257	0.168	4.161	0.1673	103.784	1.152
185.441	253.997	-2.7522	0.3254	-1.54	0.3303	3.1538	0.3266	104.6149	2.9666
323.345	259.501	-3.2527	0.1885	-2.0188	0.1901	3.8282	0.1889	105.9127	1.4136
434.909	262.62	-3.0327	0.083	-2.1847	0.0834	3.7377	0.0831	107.8837	0.6369
371.589	267.21	-2.5167	0.985	-2.2149	0.9947	3.3526	0.9892	110.6755	8.453
273.251	268.712	-3.7916	0.1869	-1.3901	0.1886	4.0384	0.1871	100.067	1.3272
596.505	275.68	-3.8255	0.3188	-1.7067	0.3239	4.189	0.3197	102.0218	2.1863
604.327	282.51	-3.4911	0.2601	-3.3753	0.2631	4.8559	0.2616	112.017	1.5431
733.728	288.625	-3.1301	0.1448	-1.9734	0.146	3.7002	0.1451	106.1146	1.1237
566.727	293.297	-3.8125	0.2117	-2.1724	0.2139	4.3879	0.2122	104.8376	1.3856
258.178	340.648	-3.6789	0.0901	-1.8622	0.0903	4.1234	0.0901	103.4238	0.6262
534.341	361.195	-3.2375	0.04	-2.5117	0.04	4.0975	0.04	108.9026	0.2797
470.374	343.458	-3.4891	0.2054	-1.2971	0.2067	3.7224	0.2055	100.1964	1.5818
157.725	347.024	-3.2509	0.1716	-1.7511	0.1728	3.6925	0.1719	104.1545	1.3334
522.343	348.118	-3.0139	0.2948	-2.8081	0.297	4.1194	0.2958	111.4875	2.0574
810.488	354.916	-3.7065	0.1731	-0.9977	0.1743	3.8384	0.1732	97.5326	1.2924
775.56	359.604	-3.9971	0.2165	-0.9589	0.2187	4.1106	0.2166	96.7451	1.5098
655.969	362.95	-4.1985	0.208	-1.2651	0.2091	4.385	0.2081	98.3844	1.3597
662.296	369.238	3.13	0.2055	3.1972	0.2074	4.4742	0.2065	22.8042	1.3221
914.17	370.573	-3.1873	0.3358	-2.2706	0.3384	3.9134	0.3367	107.7332	2.4644
176.992	374.008	-2.9471	0.0919	-1.5382	0.0925	3.3244	0.092	103.7808	0.793
323.215	377.627	-2.9313	0.2846	-1.5214	0.2876	3.3026	0.2852	103.715	2.474
404.361	378.928	1.1259	0.3136	1.155	0.3183	1.613	0.316	22.8645	5.6123
23.5	386.998	5.8359	0.0527	13.5029	0.053	14.7101	0.053	33.3132	0.1032
275.892	396.361	-0.6766	0.0276	-0.3273	0.0277	0.7516	0.0276	102.9085	1.0529
610.528	387.152	1.3337	0.1211	1.712	0.1219	2.1702	0.1216	26.0408	1.6047
522.285	391.783	-2.7686	0.1596	-2.4848	0.1601	3.7202	0.1599	110.9542	1.231
508.978	400.406	-3.3376	0.1932	-2.742	0.1941	4.3195	0.1936	109.7025	1.2837
262.079	406.622	-2.1529	0.3003	-0.3753	0.3045	2.1853	0.3004	94.9444	3.9379
342.097	406.446	-3.6451	0.0391	-0.8425	0.0392	3.7412	0.0391	96.5075	0.2992
46.122	413.664	-3.1168	0.2979	-2.1891	0.3028	3.8087	0.2995	107.5413	2.253
361.299	415.289	-3.335	0.145	-1.7763	0.1455	3.7785	0.1451	104.0206	1.0999
927.687	429.587	-3.0037	0.2696	-0.0771	0.2716	3.0046	0.2696	90.7349	2.5709
605.944	431.086	-3.6489	0.0351	-2.777	0.0351	4.5854	0.0351	108.6365	0.2192
635.868	430.532	-3.9442	0.0763	-2.2631	0.0765	4.5473	0.0764	104.9229	0.481
600.364	438.387	-4.6508	0.0364	-1.9836	0.0365	5.0561	0.0364	101.5496	0.2062
318.389	450.571	-2.9011	0.1193	-1.2502	0.1201	3.159	0.1194	101.6564	1.0831
789.758	447.757	-4.6574	0.131	-1.1483	0.132	4.7969	0.1311	96.9248	0.7828
577.276	468.227	-4.7504	0.1023	-1.7201	0.1029	5.0522	0.1024	99.9525	0.5804
214.751	471.135	-3.6429	0.0474	-1.2546	0.0475	3.8529	0.0474	99.5016	0.3524
336.18	479.272	-4.0223	0.1235	-0.8653	0.1242	4.1143	0.1235	96.0702	0.8599
977.151	483.528	-3.3631	0.1708	-1.2993	0.1721	3.6054	0.171	100.5617	1.3588
395.725	485.447	-3.6597	0.0875	-1.3894	0.0881	3.9146	0.0876	100.3946	0.6408
542.77	500.361	-6.2888	0.0379	1.8182	0.0384	6.5463	0.0379	81.9374	0.1659
268.928	501.522	-4.3194	0.1219	-1.1897	0.1226	4.4803	0.122	97.6997	0.78
554.326	503.591	-0.0038	0.019	-0.0154	0.0191	-0.0158	0.0191	38.1343	34.6282
469.335	506.604	-3.3567	0.2346	-0.8363	0.2355	3.4593	0.2347	96.9953	1.9433
333.745	515.754	-4.1804	0.1334	-1.0939	0.1342	4.3211	0.1334	97.3318	0.8844
354.708	525.312	-4.0789	0.1182	-1.0285	0.1184	4.2065	0.1182	97.0764	0.8053
374.608	530.274	-4.5044	0.187	-1.2948	0.1884	4.6868	0.1871	98.0185	1.1437
237.721	536.38	-3.6055	0.0559	-0.914	0.056	3.7195	0.0559	97.1124	0.4302
636.236	533.642	0.9861	0.0159	1.9588	0.016	2.193	0.0159	31.6398	0.2083
349.746	542.441	-4.6473	0.0819	-0.4193	0.0821	4.6662	0.0819	92.5776	0.5026
84.815	552.106	-1.4372	0.1362	-0.8593	0.1369	1.6745	0.1364	105.4383	2.3335
411.902	555.495	-4.1918	0.0919	-0.7138	0.0925	4.2521	0.0919	94.8317	0.6193
161.397	569.368	-3.471	0.1672	-1.3851	0.1685	3.7372	0.1674	100.8775	1.2833
654.828	562.809	-4.5831	0.2829	-0.11	0.2835	4.5844	0.2829	90.6873	1.7675
315.405	565.751	-4.0555	0.1091	-0.8424	0.1097	4.1421	0.1092	95.8675	0.7551
354.166	579.288	-4.1989	0.1337	-0.6464	0.1343	4.2484	0.1338	94.3758	0.9019
852.763	588.585	-2.0143	0.0688	-1.0725	0.0691	2.282	0.0689	104.0164	0.8649
708.486	588.038	-3.6603	0.0574	-1.4783	0.0576	3.9475	0.0574	100.9962	0.4165
112.969	593.63	-4.2331	0.1897	-1.2434	0.1919	4.4119	0.1899	98.1846	1.2329
379.406	643.335	-0.6017	0.0139	0.455	0.014	0.7543	0.014	71.4526	0.5302
418.387	667.816	-4.3513	0.0798	-0.3494	0.0803	4.3653	0.0798	92.2951	0.5237
279.802	663.458	-1.7888	0.0179	-1.2197	0.0179	2.165	0.0179	107.1443	0.237
270.562	667.072	-1.562	0.0215	-0.2779	0.0216	1.5865	0.0215	95.0439	0.3885
130.404	679.061	-3.5621	0.0777	-0.4664	0.0782	3.5926	0.0777	93.7297	0.6196
879.391	711.106	-2.8498	0.178	-0.7617	0.1796	2.9498	0.1781	97.4824	1.7296
713.563	712.387	-4.1756	0.2882	-1.2725	0.2921	4.3652	0.2885	98.474	1.8936
541.848	721.699	-4.3147	0.0675	-0.945	0.0678	4.417	0.0676	96.1768	0.4382
288.163	744.202	-3.7869	0.2217	-1.3202	0.2229	4.0104	0.2219	99.6101	1.5848
624.241	749.762	0.007	0.0406	0.0947	0.0407	0.095	0.0407	42.875	12.2865
768.652	776.535	-2.2339	0.4409	-1.1103	0.4439	2.4946	0.4415	103.2141	5.0699
212.506	778.119	-3.7077	0.2125	-1.3658	0.2138	3.9513	0.2126	100.1109	1.5418
858.717	809.942	-2.4543	0.1755	-1.3939	0.177	2.8225	0.1759	104.797	1.7849
253.682	837.464	-3.5794	0.2483	-0.8155	0.2497	3.6711	0.2483	96.4172	1.9378
884.288	846.957	-0.1921	0.071	0.0521	0.0712	0.1991	0.0711	82.4146	10.2262
553.717	872.224	-3.4856	0.0468	-0.9419	0.0468	3.6107	0.0468	97.5605	0.3713
817.672	881.217	-0.9085	0.2603	-0.129	0.2629	0.9176	0.2603	94.04	8.1265
222.537	895.653	-2.6053	0.3244	-1.8177	0.3292	3.1768	0.326	107.4518	2.9394
659.82	932.325	-3.1239	0.0288	-1.3107	0.0288	3.3877	0.0288	101.3805	0.2437
928.392	926.482	-2.4291	0.1788	-1.6912	0.1804	2.9599	0.1793	107.423	1.7357
582.08	931.82	-3.3679	0.097	-0.9495	0.0975	3.4992	0.097	97.8727	0.7941
990.723	964.209	-2.7425	0.281	-1.3597	0.2834	3.0611	0.2815	103.1859	2.6347
159.69	1004.075	-4.5494	0.0679	-1.7457	0.0681	4.8728	0.068	100.4964	0.3995
28.235	387.484	-0.6768	0.0566	-0.2986	0.0569	0.7398	0.0567	101.9017	2.1955
19.536	513.426	-5.6818	0.1749	-3.8317	0.1651	6.8531	0.1719	106.9973	0.7185
413.98	631.983	-2.1654	0.1932	-0.2459	0.1968	2.1793	0.1932	93.2392	2.5403
125.669	950.698	-1.2598	0.1564	-0.2699	0.1575	1.2884	0.1565	96.0464	3.479
14.564	39.297	-4.3009	0.3464	12.8312	0.3819	13.5328	0.3784	54.2653	0.8011
556.832	293.921	-15.5029	0.9481	14.3619	0.8103	21.133	0.8871	68.5939	1.2026
13.5	547.505	-7.5545	0.6154	17.0512	0.5681	18.6498	0.5762	56.9479	0.885
424.564	263.075	-0.0397	0.4847	0.03	0.5158	0.0498	0.4963	71.4413	285.6583
539.663	489.131	-27.2435	0.4946	2.6035	0.7434	27.3676	0.4974	87.2706	0.5207
229.55	531.865	-3.6504	0.1439	1.0586	0.1456	3.8008	0.1441	81.9137	1.0858
