328.332	14.537	0.0042	0.0766	0.4994	0.0778	0.4994	0.0778	44.7588	4.4648
751.852	31.764	-0.9747	0.089	-0.0838	0.0894	0.9783	0.089	92.4579	2.6062
82.577	49.303	-3.2877	0.2363	-2.5084	0.2395	4.1353	0.2375	108.6714	1.6451
48.399	52.83	-5.446	0.3159	-1.4066	0.3226	5.6247	0.3164	97.241	1.6113
379.217	55.968	-2.3887	0.0578	-1.3472	0.058	2.7424	0.0579	104.7114	0.6046
40.14	60.365	-3.1236	0.1288	-2.0459	0.1292	3.7339	0.1289	106.6119	0.9892
510.732	63.782	-3.3134	0.0707	-1.6598	0.0711	3.7058	0.0708	103.3037	0.5472
1011.442	63.55	-1.8048	0.1459	-0.6041	0.1464	1.9032	0.146	99.2532	2.1975
836.876	75.93	-3.3151	0.1451	-0.5446	0.1462	3.3596	0.1452	94.6644	1.2377
404.069	114.445	-2.6511	0.2112	-1.4821	0.2139	3.0373	0.2118	104.6034	1.9982
313.503	160.114	-3.4128	0.0442	-1.3382	0.0443	3.6658	0.0443	100.7056	0.3459
556.248	180.466	-3.8243	0.1299	-1.9884	0.1309	4.3103	0.1301	103.7362	0.8648
756.971	181.799	-2.4922	0.1413	-0.6717	0.142	2.5811	0.1413	97.5424	1.5684
976.397	202.029	-2.796	0.2235	-0.6171	0.2262	2.8633	0.2236	96.2226	2.2372
92.799	219.242	-3.0646	0.1783	-2.0483	0.1801	3.6861	0.1788	106.8788	1.39
318.866	221.948	-3.8796	0.3406	-1.702	0.3445	4.2365	0.3412	101.8438	2.3074
259.777	224.279	-3.6908	0.1844	-1.1876	0.186	3.8771	0.1846	98.9185	1.364
234.006	224.523	-3.2991	0.4391	-1.9252	0.4423	3.8197	0.44	105.1331	3.2997
377.979	236.399	-3.4345	0.0472	-1.3408	0.0474	3.6869	0.0473	100.663	0.3672
801.82	245.624	-3.1737	0.2655	-0.7274	0.2672	3.256	0.2655	96.4545	2.3363
728.367	260.687	-3.2028	0.2326	-1.9324	0.2345	3.7406	0.2331	105.5521	1.7853
354.451	274.036	-3.2472	0.2476	-1.4516	0.2501	3.5569	0.248	102.0433	1.9978
466.131	277.312	-3.5292	0.2896	-2.2211	0.2921	4.1699	0.2903	106.0921	1.9946
304.324	283.28	-3.617	0.2462	-1.3142	0.2487	3.8483	0.2465	99.9841	1.8349
310.018	289.041	-3.8985	0.4174	-2.1446	0.4157	4.4494	0.4171	104.408	2.6852
764.914	303.974	-3.5464	0.1994	-1.8644	0.2005	4.0066	0.1996	103.866	1.4275
597.945	308.366	-3.9469	0.2817	-1.6681	0.2841	4.2849	0.2821	101.4553	1.8859
289.046	355.35	-3.3071	0.1103	-1.4786	0.1106	3.6225	0.1104	102.0445	0.8728
501.444	358.411	-3.698	0.2576	-1.6872	0.2594	4.0647	0.258	102.2622	1.818
565.358	376.312	-3.705	0.0442	-1.8885	0.0444	4.1586	0.0443	103.5043	0.305
188.714	361.474	-3.2163	0.2163	-1.458	0.218	3.5313	0.2166	102.1931	1.7571
841.665	370.527	-3.8694	0.2419	-0.7725	0.2445	3.9457	0.242	95.6449	1.7573
687.051	378.281	-4.5136	0.287	-1.689	0.2906	4.8192	0.2875	100.2582	1.7089
693.286	384.568	-2.4015	0.2727	-1.5479	0.2744	2.8571	0.2732	106.4022	2.7393
207.916	388.501	-3.1573	0.1281	-1.2862	0.1291	3.4092	0.1282	101.0822	1.0776
306.779	410.925	-0.7623	0.0416	-0.4372	0.0417	0.8788	0.0416	104.9159	1.3576
58.94	401.947	-0.6994	0.0714	-0.1266	0.0717	0.7108	0.0714	95.1305	2.8784
641.555	402.418	-2.0631	0.1265	-1.2279	0.1272	2.4009	0.1267	105.3796	1.5113
553.253	406.905	-3.6038	0.2042	-1.9441	0.2053	4.0948	0.2045	104.1723	1.4306
540.013	415.497	-3.5736	0.245	-1.8395	0.2459	4.0193	0.2452	103.6186	1.7475
372.932	421.296	-3.7554	0.0518	-0.9411	0.0519	3.8716	0.0518	97.0346	0.383
392.19	430.142	-3.441	0.1863	-0.8758	0.1874	3.5507	0.1864	97.1399	1.5037
636.956	446.419	-3.5327	0.047	-1.6247	0.0471	3.8884	0.047	102.3489	0.3464
666.86	445.789	-4.0225	0.1363	-1.6735	0.1367	4.3567	0.1364	101.2947	0.8967
631.301	453.649	-4.2018	0.0507	-1.3974	0.0507	4.4281	0.0507	99.1977	0.3281
820.816	463.49	-4.8299	0.191	-0.7646	0.1928	4.8901	0.191	94.4979	1.1189
349.236	465.436	-3.2998	0.167	-1.0191	0.1676	3.4536	0.167	98.5815	1.3856
245.569	485.792	-3.9648	0.0661	-1.0327	0.0663	4.097	0.0661	97.2997	0.4623
608.161	483.531	-4.6162	0.135	-1.0808	0.136	4.741	0.135	96.5888	0.816
366.249	493.99	-4.0967	0.193	-1.309	0.1937	4.3007	0.1931	98.8598	1.286
1008.31	499.611	-3.8091	0.1987	-0.77	0.2015	3.8861	0.1988	95.7145	1.4657
426.584	500.439	-3.7816	0.1038	-0.5782	0.1041	3.8255	0.1038	94.3464	0.7775
299.676	516.396	-4.3577	0.1797	-0.8794	0.1807	4.4455	0.1797	95.7048	1.1582
573.563	515.684	-9.0514	0.0517	0.1456	0.0513	9.0525	0.0517	89.5391	0.1635
585.147	518.969	-4.2596	0.024	-0.8802	0.0241	4.3496	0.024	95.8377	0.1582
500.161	521.771	-4.6605	0.3425	-0.9976	0.3446	4.766	0.3426	96.0413	2.0594
50.133	528.09	-1.5515	0.2393	-1.0536	0.2411	1.8754	0.2399	107.0897	3.664
364.555	530.675	-4.2321	0.1651	-0.8379	0.1669	4.3143	0.1652	95.5991	1.0968
385.549	540.278	-4.5328	0.1649	-0.3544	0.1664	4.5466	0.1649	92.2351	1.0389
260.247	546.764	-3.7931	0.0906	-0.0793	0.0906	3.794	0.0906	90.5989	0.6841
405.435	545.306	-4.3919	0.2554	-0.173	0.2564	4.3953	0.2554	91.1278	1.6646
666.996	549.203	-4.1902	0.0245	-0.6796	0.0245	4.245	0.0245	94.6063	0.1655
268.368	551.286	-3.4935	0.0731	-0.6828	0.0733	3.5596	0.0731	95.5293	0.5885
380.524	557.48	-4.7745	0.1204	-0.5208	0.1209	4.8028	0.1205	93.1123	0.7185
115.371	566.708	-1.6601	0.2543	-1.1975	0.256	2.047	0.2549	107.9022	3.5668
442.689	570.617	-3.9028	0.1124	-0.5336	0.1128	3.9391	0.1124	93.8927	0.8176
346.091	580.818	-4.1398	0.1682	-0.3008	0.1693	4.1507	0.1682	92.0782	1.1609
384.788	594.448	-4.0801	0.1784	-0.5299	0.1799	4.1143	0.1784	93.6998	1.2424
739.243	603.723	-4.0266	0.0713	-0.8459	0.0716	4.1145	0.0713	95.9319	0.4965
883.557	604.563	-2.1602	0.0929	-0.9049	0.0934	2.3421	0.093	101.3643	1.1377
143.469	608.46	-3.9561	0.2682	-0.7578	0.2689	4.028	0.2682	95.4219	1.9076
444.654	647.386	-2.7985	0.2359	-0.5743	0.2381	2.8568	0.236	95.7987	2.3667
410.0	658.632	-3.6405	0.0209	0.0987	0.0209	3.6418	0.0209	89.2232	0.1642
310.337	678.508	-3.5649	0.0258	-1.4909	0.0259	3.8641	0.0258	101.3475	0.1913
301.103	682.146	-4.2936	0.0309	-2.1259	0.0309	4.791	0.0309	103.1707	0.1846
448.82	683.325	-4.0839	0.1096	-0.5632	0.1104	4.1226	0.1096	93.9261	0.7619
160.758	693.938	-3.7797	0.0875	-0.3738	0.0879	3.7982	0.0875	92.8242	0.6603
572.394	737.386	-4.5646	0.093	-1.0917	0.0935	4.6933	0.093	96.7253	0.5678
318.411	759.439	-3.8817	0.299	-1.559	0.3004	4.1831	0.2992	100.9409	2.0492
654.685	765.602	-0.3703	0.0459	0.0048	0.0461	0.3703	0.0459	89.6302	3.553
242.767	793.272	-3.5383	0.2815	-1.5065	0.2836	3.8457	0.2818	101.5315	2.0995
40.505	817.428	-4.2329	0.1759	-0.8619	0.1771	4.3197	0.1759	95.7549	1.1666
914.733	863.379	-0.6922	0.071	0.1329	0.0714	0.7048	0.071	84.5658	2.8875
584.089	888.012	-3.5243	0.0617	-0.7974	0.0619	3.6134	0.0617	96.3747	0.4894
690.213	948.434	-3.1627	0.0375	-1.1982	0.0376	3.382	0.0376	100.3746	0.3181
958.792	943.13	-2.8614	0.2672	-1.6283	0.2694	3.2922	0.2677	104.8213	2.3298
155.704	965.829	-1.3874	0.175	-0.2699	0.1763	1.4134	0.1751	95.5045	3.5481
189.694	1019.31	-4.4341	0.0917	-1.2449	0.0922	4.6056	0.0918	97.8411	0.5707
635.439	297.767	-3.5395	0.998	-1.8461	0.9974	3.992	0.9978	103.7728	7.1607
889.135	826.227	-2.9316	0.9808	-1.8767	0.9911	3.4808	0.9838	106.3125	8.0966
612.199	947.679	-3.7493	0.6913	-1.6124	0.6996	4.0813	0.6926	101.6348	4.8614
