914.27	3.718	-4.3431	0.0932	-0.9109	0.0924	4.4376	0.0931	95.9224	0.6013
948.335	56.704	-1.3591	0.1896	0.3747	0.1877	1.4098	0.1895	82.2934	3.8499
414.768	75.931	-2.6905	0.0438	-1.6394	0.0437	3.1507	0.0438	105.6775	0.3979
492.29	76.2	-3.2339	0.2101	-1.4281	0.2086	3.5352	0.2098	101.9136	1.7005
147.83	82.136	-2.2311	0.2866	-2.18	0.2855	3.1194	0.2861	112.1683	2.6273
520.473	135.539	-3.409	0.0611	-1.2423	0.0607	3.6283	0.061	100.011	0.4819
191.421	160.884	0.1648	0.0884	0.2067	0.0885	0.2644	0.0884	25.7196	9.5843
6.75	192.475	-3.1011	0.1532	-2.4334	0.1534	3.9418	0.1533	109.0604	1.1138
216.556	197.623	-2.8057	0.3084	-1.9079	0.3086	3.3929	0.3085	107.108	2.6049
861.322	228.96	-3.5144	0.3117	-1.1296	0.3096	3.6915	0.3115	98.9092	2.4173
16.137	247.516	-0.6447	0.0544	-0.2061	0.0546	0.6769	0.0544	98.8644	2.3041
449.996	257.414	0.1579	0.0473	0.4293	0.0471	0.4574	0.0471	34.9013	2.953
785.652	262.835	-3.8748	0.3231	-1.6403	0.3222	4.2077	0.323	101.4725	2.1989
531.979	285.299	-4.2259	0.0932	-1.9114	0.0929	4.638	0.0932	102.1686	0.5754
943.804	327.917	-3.0625	0.1402	-0.5393	0.1398	3.1096	0.1402	94.9937	1.2918
655.301	338.989	-3.9213	0.1143	-1.1836	0.1136	4.0961	0.1143	98.398	0.7991
803.236	339.781	-3.6211	0.0424	-2.021	0.0423	4.1469	0.0424	104.5834	0.2931
793.537	342.032	2.2798	0.0374	4.1295	0.0383	4.717	0.0381	30.5489	0.2315
692.581	362.327	-0.2944	0.0232	1.1083	0.0246	1.1467	0.0245	52.4388	0.6124
659.958	374.787	-2.0067	0.2826	-0.3018	0.2829	2.0293	0.2826	94.2761	3.9902
961.258	413.436	-3.2372	0.2869	-1.0946	0.2851	3.4172	0.2867	99.3407	2.4037
222.012	418.019	-1.8992	0.1104	-1.5944	0.1105	2.4797	0.1105	110.0071	1.2761
365.532	418.624	-3.9382	0.0797	-1.6877	0.0794	4.2846	0.0796	101.599	0.5324
719.404	427.62	-3.7187	0.1988	-1.2282	0.1976	3.9162	0.1987	99.1385	1.4535
758.244	441.142	-3.8704	0.17	-0.8634	0.1696	3.9655	0.1699	96.2877	1.2277
661.568	451.353	-3.3664	0.1422	-1.1549	0.1417	3.559	0.1421	99.468	1.1439
989.519	455.084	0.9996	0.2097	1.0442	0.209	1.4455	0.2093	23.1254	4.1488
723.7	464.534	-4.4579	0.1657	-0.8844	0.1649	4.5448	0.1657	95.6107	1.0444
836.094	470.649	-2.8561	0.0768	-1.1066	0.0768	3.063	0.0768	100.5893	0.7187
437.687	472.892	-3.0256	0.0242	2.357	0.024	3.8353	0.0241	71.0406	0.1802
844.317	475.181	-3.1203	0.3291	-1.2488	0.3279	3.3609	0.3289	100.9065	2.8036
698.808	476.682	-4.1926	0.2793	-1.1313	0.2785	4.3425	0.2793	97.5504	1.8423
718.691	481.753	-4.2979	0.2622	-1.1031	0.2612	4.4372	0.2621	97.1977	1.6923
739.683	491.241	-3.5846	0.2488	-1.1163	0.2479	3.7544	0.2488	98.6487	1.8981
604.038	500.156	-4.3326	0.439	-1.609	0.4404	4.6217	0.4392	100.1865	2.7224
519.656	502.989	-5.2682	0.029	5.3496	0.0289	7.5082	0.029	67.2803	0.1105
530.697	506.327	-4.8708	0.0899	-1.674	0.0893	5.1504	0.0898	99.4833	0.4995
804.747	505.5	-3.7456	0.1794	-1.6223	0.1788	4.0819	0.1793	101.7092	1.2585
97.741	522.424	-3.6731	0.2498	-1.2825	0.25	3.8906	0.2498	99.6237	1.8395
677.642	521.461	-3.409	0.115	-1.2152	0.1146	3.6191	0.1149	99.8101	0.9096
859.068	536.14	-3.1559	0.0772	-1.5061	0.077	3.4969	0.0771	102.7563	0.632
496.208	538.444	-4.0387	0.1409	-1.6196	0.1408	4.3514	0.1409	100.9259	0.9278
755.133	556.503	-2.8808	0.1734	-1.5728	0.1729	3.2821	0.1733	104.3164	1.5124
284.096	558.39	-4.5455	0.1979	-1.2817	0.1979	4.7227	0.1979	97.8735	1.2006
473.052	568.204	-3.6179	0.0697	-2.4056	0.0697	4.3447	0.0697	106.8104	0.4597
467.361	575.54	-2.7952	0.0528	-1.7124	0.0528	3.278	0.0528	105.7459	0.4616
437.478	576.026	-3.6507	0.1162	-2.576	0.116	4.4681	0.1161	107.6038	0.7447
712.144	591.858	-3.1342	0.1996	-1.962	0.1988	3.6976	0.1994	106.023	1.5447
731.436	600.726	-3.1477	0.0486	-1.3891	0.0485	3.4406	0.0486	101.9064	0.4047
564.302	606.419	-3.1831	0.2825	-2.4906	0.2821	4.0417	0.2824	109.0206	2.0015
797.734	611.133	-0.1009	0.0435	0.6478	0.0434	0.6556	0.0434	49.4285	1.8964
551.032	614.968	-3.2082	0.2203	-2.6838	0.2197	4.1827	0.2201	109.9569	1.5072
4.63	617.174	-2.789	0.0842	-0.4677	0.0844	2.8279	0.0842	94.76	0.8534
462.694	619.513	1.3093	0.1486	2.0684	0.1485	2.448	0.1485	28.8327	1.7379
897.019	633.676	-2.215	0.1651	-1.8061	0.1648	2.8579	0.165	109.5968	1.6535
538.932	645.59	-3.4295	0.0532	-2.9008	0.0532	4.4918	0.0532	110.1126	0.3394
263.178	651.15	-3.5601	0.2539	-1.2106	0.2545	3.7603	0.254	99.3904	1.9347
916.36	660.815	-2.1141	0.2307	-1.8769	0.2304	2.8271	0.2306	110.7993	2.3363
602.833	663.527	-3.1006	0.2784	-2.463	0.2762	3.9598	0.2776	109.231	2.0082
815.514	666.952	-2.7194	0.1155	-1.889	0.1154	3.3111	0.1155	107.3925	0.9993
506.312	713.548	-5.2792	0.6802	-2.5068	0.6864	5.8441	0.6813	102.7	3.34
339.64	717.641	-2.9473	0.2058	-2.5834	0.2062	3.9193	0.206	110.6179	1.5056
800.406	739.125	-2.7718	0.3172	-1.9433	0.3172	3.3852	0.3172	107.517	2.6843
638.212	744.717	-2.5046	0.1696	-2.5309	0.1696	3.5607	0.1696	112.6492	1.3646
750.086	748.298	-2.4599	0.2609	-1.9593	0.2603	3.1448	0.2606	109.2684	2.3743
375.998	761.027	-2.5935	0.2792	-2.2856	0.279	3.4569	0.2791	110.6945	2.3129
302.699	775.912	-2.4496	0.2936	-1.172	0.2936	2.7155	0.2936	102.7843	3.0976
726.551	785.972	-2.7082	0.0465	-1.8495	0.0465	3.2794	0.0465	107.1651	0.4059
845.117	798.5	-2.4383	0.1959	-1.6879	0.1958	2.9655	0.1959	107.3463	1.8922
128.699	819.2	-2.4172	0.2432	-1.0563	0.244	2.6379	0.2433	101.8026	2.6423
347.447	839.888	-1.7397	0.1544	-1.0975	0.1546	2.057	0.1544	106.1233	2.151
547.99	841.64	-3.0205	0.1379	-2.4524	0.1383	3.8908	0.138	109.5369	1.0163
791.385	862.568	-2.734	0.043	-1.8333	0.043	3.2918	0.043	106.9215	0.3739
700.527	908.278	1.3623	0.2134	1.8391	0.2141	2.2887	0.2139	26.7358	2.6771
267.325	945.731	-2.2708	0.1488	-0.7635	0.1494	2.3957	0.1488	99.2927	1.7796
93.699	957.439	0.8195	0.1697	0.847	0.1709	1.1786	0.1703	22.9733	4.1404
593.567	958.912	-2.5483	0.074	-1.8891	0.0741	3.1722	0.0741	108.2747	0.669
725.438	967.069	1.8219	0.0567	1.8728	0.0568	2.6128	0.0568	22.8944	0.6224
352.349	990.146	0.0236	0.0902	0.2069	0.0906	0.2082	0.0906	41.7414	12.4677
776.48	1009.007	-2.2897	0.0907	-2.322	0.0907	3.261	0.0907	112.7007	0.797
