955.639	54.102	-4.1822	0.1856	0.4353	0.1867	4.2048	0.1856	87.0292	1.2647
422.556	73.476	-3.8095	0.0437	-2.7176	0.0441	4.6794	0.0438	107.7516	0.2682
499.981	73.71	-4.2932	0.127	-2.1803	0.1284	4.8151	0.1273	103.4618	0.7573
156.06	79.672	-3.2785	0.2457	-2.5053	0.2503	4.1261	0.2474	108.6931	1.7178
265.649	124.368	-1.5426	0.572	-1.3584	0.5752	2.0554	0.5734	110.6832	7.992
528.115	132.931	-4.5041	0.0564	-2.2832	0.057	5.0498	0.0565	103.4406	0.3207
199.573	158.319	-1.4255	0.0891	-0.9961	0.0906	1.739	0.0896	107.4723	1.4753
15.095	189.877	-3.8202	0.161	-2.7117	0.1647	4.6848	0.1622	107.684	0.9921
224.698	195.051	-3.8085	0.2398	-2.7065	0.2443	4.6722	0.2413	107.6996	1.4796
868.7	226.262	-5.2211	0.299	-3.083	0.3021	6.0634	0.2998	105.2806	1.4167
24.377	244.905	-1.4515	0.0596	-0.8203	0.0606	1.6672	0.0598	104.7359	1.0282
457.746	254.677	1.1848	0.048	1.8	0.0485	2.155	0.0483	28.3233	0.6426
792.986	260.113	-5.3995	0.3062	-2.8665	0.3093	6.1132	0.3069	103.9817	1.4381
539.633	282.494	-5.4642	0.0851	-3.1163	0.086	6.2904	0.0853	104.8485	0.3884
203.897	293.2	-3.9485	0.2623	-1.8685	0.2678	4.3683	0.2633	102.6619	1.727
951.048	325.104	-5.2273	0.1365	-1.5758	0.138	5.4597	0.1366	98.3879	0.7167
662.789	336.138	-5.3584	0.1089	-2.4932	0.1105	5.91	0.1092	102.4761	0.5294
810.499	336.943	-5.1461	0.0386	-3.3461	0.0389	6.1383	0.0387	106.5164	0.1805
667.404	371.822	-3.4323	0.2648	-1.4794	0.2677	3.7376	0.2652	101.6586	2.0329
968.48	410.533	-4.6279	0.2727	-1.9203	0.2755	5.0104	0.2731	101.2679	1.5616
230.084	415.107	-2.6455	0.1132	-1.9325	0.1149	3.2762	0.1138	108.0743	0.9948
373.454	415.633	-4.9222	0.0738	-2.9644	0.0748	5.746	0.0741	105.5293	0.3692
726.719	424.656	-5.1771	0.1932	-2.6224	0.1959	5.8034	0.1938	103.4321	0.9566
765.561	438.129	-5.0314	0.1554	-2.4935	0.1571	5.6154	0.1557	103.1811	0.7945
669.022	448.307	-4.818	0.1315	-2.4671	0.1334	5.4129	0.1319	103.5575	0.6982
996.828	452.097	-2.8273	0.1606	-2.7242	0.1627	3.9261	0.1616	111.9678	1.1791
731.052	461.507	-5.7277	0.1512	-2.3824	0.1526	6.2035	0.1514	101.2922	0.699
843.459	467.611	-4.1718	0.0749	-2.7595	0.0758	5.0019	0.0752	106.7417	0.4306
443.535	468.853	-0.3345	0.0223	0.6658	0.0221	0.7451	0.0222	58.3369	0.8518
851.579	472.143	-4.1263	0.3116	-2.5617	0.313	4.8568	0.312	105.9166	1.8404
706.256	473.531	-5.4222	0.2626	-2.4822	0.266	5.9634	0.2632	102.2988	1.2645
726.089	478.626	-5.3757	0.246	-2.5881	0.2482	5.9663	0.2464	102.8542	1.1831
747.085	488.128	-4.8625	0.2346	-2.6173	0.2371	5.5221	0.2352	104.1461	1.22
611.56	497.057	-4.4221	0.3169	-2.6674	0.3215	5.1643	0.3181	105.5491	1.7645
812.113	502.477	-4.7497	0.1629	-3.1676	0.1652	5.709	0.1636	106.85	0.821
538.328	503.215	-5.7469	0.0784	-3.1648	0.0792	6.5607	0.0786	104.4205	0.3431
685.108	518.323	-4.7096	0.1108	-2.8099	0.1124	5.4841	0.1113	105.4107	0.5812
105.947	519.449	-3.6613	0.2341	-1.4668	0.2386	3.9442	0.2347	100.9162	1.7048
866.43	533.002	-4.15	0.0729	-3.0336	0.0736	5.1406	0.0731	108.0829	0.4076
503.874	535.312	-4.9917	0.1332	-3.0097	0.1355	5.8288	0.1338	105.5438	0.6575
762.523	553.383	-3.618	0.1664	-3.0915	0.1685	4.7589	0.1673	110.2566	1.0072
292.072	555.291	-5.5337	0.1799	-2.4488	0.1834	6.0513	0.1805	101.9352	0.8545
480.743	565.046	-4.4823	0.0635	-3.6273	0.0642	5.7661	0.0638	109.4907	0.3168
475.087	572.335	-3.6772	0.0474	-3.1867	0.0479	4.8659	0.0476	110.456	0.2803
445.324	572.807	-4.2251	0.1017	-3.9645	0.1032	5.7939	0.1024	111.5888	0.5064
719.604	588.602	-4.1723	0.1936	-3.3573	0.1957	5.3553	0.1944	109.4112	1.0399
738.845	597.457	-4.104	0.0444	-3.1694	0.0449	5.1853	0.0446	108.839	0.2465
571.85	603.199	-4.4131	0.2795	-3.538	0.2836	5.6562	0.2811	109.3595	1.4236
805.141	607.857	0.761	0.0448	2.2102	0.0453	2.3375	0.0452	35.5008	0.5543
558.551	611.765	-4.0687	0.2127	-4.0213	0.2155	5.7206	0.2141	112.3319	1.0721
12.955	614.048	-2.7952	0.0865	-0.2966	0.0884	2.8109	0.0865	93.0288	0.8818
470.502	616.185	2.3889	0.1598	3.6966	0.1623	4.4014	0.1616	28.564	1.0517
904.35	630.488	-3.5207	0.1629	-3.2681	0.165	4.8037	0.1639	111.4344	0.9773
546.53	642.331	4.2287	0.0503	4.4248	0.0509	6.1205	0.0506	23.1493	0.2369
305.962	643.322	-4.4484	0.3143	-1.8089	0.3197	4.8021	0.315	101.0641	1.8795
271.163	647.923	-4.3444	0.2345	-2.064	0.2391	4.8098	0.2354	102.706	1.402
923.632	657.508	-3.6746	0.2246	-3.4915	0.2275	5.0689	0.226	111.7678	1.2772
610.318	660.265	-4.4569	0.2763	-4.0597	0.2797	6.0287	0.2778	111.1647	1.3202
822.984	663.578	-3.8171	0.1137	-3.519	0.1152	5.1917	0.1144	111.3367	0.6312
513.904	710.253	-4.1874	0.3484	-4.2115	0.3519	5.939	0.3501	112.5821	1.689
347.433	714.285	-3.6285	0.1906	-3.4339	0.1943	4.9958	0.1923	111.711	1.1029
807.771	735.747	-3.8549	0.3056	-3.6002	0.3092	5.2746	0.3073	111.5219	1.6689
645.602	741.401	3.2076	0.103	3.7267	0.1047	4.9171	0.104	24.6405	0.6058
757.482	744.895	-3.7935	0.2492	-3.7401	0.2529	5.3272	0.251	112.2971	1.35
383.778	757.67	-3.4329	0.2664	-2.8963	0.2715	4.4915	0.2686	110.0774	1.713
310.59	772.498	-3.3586	0.2842	-1.8643	0.2897	3.8413	0.2855	104.5171	2.129
733.985	782.548	-3.4541	0.0443	-3.2526	0.0448	4.7445	0.0445	111.6393	0.269
852.545	795.003	-4.0606	0.1896	-3.6475	0.1924	5.4582	0.1909	110.9663	1.0017
878.458	794.747	-4.1646	0.4257	-2.4322	0.4304	4.8228	0.4269	105.1432	2.5357
793.326	797.081	-2.8304	0.5564	-2.2551	0.5544	3.6189	0.5556	109.2729	4.3983
136.843	815.775	-2.6411	0.2353	-1.3784	0.2404	2.9791	0.2364	103.78	2.2736
355.247	836.399	-2.5728	0.1559	-1.4339	0.1587	2.9454	0.1566	104.566	1.5228
555.508	838.186	-3.9525	0.1364	-3.2141	0.1389	5.0943	0.1374	109.5589	0.7727
868.768	843.369	1.5116	0.565	2.3726	0.5616	2.8132	0.5626	28.7498	5.7291
798.782	859.096	-4.0344	0.0412	-3.1679	0.0416	5.1295	0.0413	109.07	0.2308
707.929	904.729	2.6941	0.2009	3.2592	0.2036	4.2286	0.2025	25.2111	1.372
275.331	942.09	-2.7101	0.1381	-1.1382	0.1406	2.9394	0.1385	101.3908	1.3494
345.638	943.762	1.0324	0.3249	1.5114	0.3304	1.8304	0.3287	27.8327	5.1445
101.762	953.998	-0.79	0.1743	-0.5993	0.1782	0.9916	0.1757	108.5931	5.0769
601.112	955.212	-3.2774	0.0747	-2.2566	0.076	3.9792	0.0751	107.2742	0.5409
732.843	963.512	-2.8228	0.0521	-2.6113	0.0528	3.8454	0.0524	111.3855	0.3906
78.548	986.279	-0.5101	0.2319	-0.2761	0.2373	0.58	0.2332	104.2125	11.5169
360.061	986.631	-0.7876	0.0895	-0.5285	0.0913	0.9485	0.0901	106.9318	2.7206
783.932	1005.307	-3.6595	0.0911	-2.6665	0.0925	4.5279	0.0916	108.0394	0.5793
800.927	341.858	-7.5338	0.0311	-5.7277	0.0317	9.4638	0.0313	108.6223	0.0948
525.921	499.033	-4.3696	0.0281	-4.0723	0.0278	5.973	0.0279	111.4915	0.1341
703.706	359.448	0.6164	0.0339	3.0208	0.0319	3.0831	0.032	39.2334	0.2972
447.058	469.874	-11.9752	0.0765	9.4897	0.0722	15.2794	0.0749	70.8025	0.1404
700.063	362.262	-26.556	0.0571	-7.9166	0.0495	27.7109	0.0565	98.2999	0.0584
