862.267	23.737	1.8064	0.1168	3.2481	0.1173	3.7167	0.1172	30.4598	0.903
875.809	29.878	-4.0784	0.072	-1.2749	0.0718	4.273	0.072	98.6797	0.4827
48.945	70.085	-2.8424	0.315	-1.3145	0.3145	3.1317	0.3149	102.4091	2.8806
909.865	82.925	-0.3285	0.1457	0.0387	0.145	0.3308	0.1457	86.6393	12.6169
376.953	101.486	-2.3843	0.0297	-1.6032	0.0296	2.8732	0.0297	106.9585	0.2959
454.393	101.899	-2.8714	0.1041	-1.029	0.1036	3.0502	0.104	99.8583	0.9772
110.469	107.287	-2.0873	0.2105	-1.3642	0.2096	2.4936	0.2102	106.5834	2.4152
123.273	111.236	-3.5996	0.6666	-0.6387	0.7078	3.6558	0.6679	95.0309	5.2336
219.975	152.147	-0.0145	0.2837	0.1689	0.282	0.1695	0.282	47.4597	47.6645
482.452	161.055	-3.2118	0.0487	-0.8371	0.0486	3.3191	0.0487	97.3039	0.4201
153.905	186.098	-0.2593	0.0746	-0.0093	0.0744	0.2594	0.0746	91.0228	8.2345
781.836	195.692	-3.2437	0.3147	-0.8945	0.3114	3.3648	0.3145	97.7086	2.6774
179.015	222.906	-2.3415	0.1934	-1.4328	0.192	2.7451	0.193	105.732	2.014
822.897	254.862	-3.6609	0.2199	-0.9755	0.2194	3.7887	0.2199	97.4602	1.6628
411.965	282.773	-0.0211	0.042	0.0854	0.0419	0.0879	0.0419	51.9297	13.6516
747.242	288.504	-3.8482	0.2244	-1.8545	0.2236	4.2718	0.2242	102.8651	1.5037
742.859	300.774	-4.9495	0.2542	-2.5234	0.2555	5.5557	0.2545	103.5069	1.3123
264.465	309.998	1.2833	0.9924	1.5658	0.988	2.0245	0.9898	25.331	14.0056
493.79	310.676	-3.8081	0.0661	-0.8886	0.0662	3.9104	0.0661	96.5672	0.484
274.07	318.792	-2.9029	0.3435	-0.8755	0.3432	3.032	0.3435	98.3914	3.2456
322.89	319.832	-4.0784	0.3412	-1.8709	0.3391	4.487	0.3409	102.3215	2.1763
158.065	320.933	-2.6108	0.2079	-1.0108	0.2072	2.7997	0.2078	100.5818	2.1265
764.731	365.345	-3.63	0.0163	-1.8005	0.0163	4.052	0.0163	103.1908	0.1151
905.059	353.752	-3.3709	0.0993	-0.5268	0.0992	3.4119	0.0993	94.4409	0.834
628.982	359.343	-4.7257	0.1309	0.4669	0.1303	4.7487	0.1309	87.179	0.7897
616.958	364.424	-4.0989	0.0895	-0.4484	0.0892	4.1234	0.0895	93.1213	0.6217
755.464	369.004	-3.2226	0.019	-1.9212	0.019	3.7518	0.019	105.4006	0.1451
655.598	388.907	-2.7931	0.0172	1.6015	0.0171	3.2197	0.0171	75.0854	0.1525
657.198	412.576	-4.0801	0.2843	-0.6516	0.2761	4.1318	0.2841	94.5365	1.9698
922.486	439.064	-3.3684	0.2163	-1.5128	0.2153	3.6925	0.2161	102.093	1.6767
183.93	442.776	-1.2325	0.085	-1.1604	0.085	1.6928	0.085	111.6372	1.4388
327.448	443.584	-3.5299	0.0595	-1.2335	0.0596	3.7392	0.0595	99.6308	0.456
680.859	453.022	-3.6211	0.1537	-0.403	0.1538	3.6435	0.1537	93.1755	1.2087
315.607	445.358	2.0014	0.1823	2.7246	0.183	3.3807	0.1827	26.8501	1.5485
873.873	463.132	-3.8142	0.1989	-1.0195	0.1983	3.9481	0.1989	97.4823	1.443
624.411	466.253	-2.3264	0.2363	-0.9525	0.236	2.5138	0.2363	101.1332	2.6924
719.689	466.561	-3.8597	0.1263	-0.2325	0.1256	3.8667	0.1263	91.7232	0.9358
617.746	467.932	-3.3754	0.3256	-0.9028	0.326	3.4941	0.3257	97.4873	2.6701
380.754	468.805	-2.5532	0.2944	-0.2237	0.2926	2.563	0.2944	92.5036	3.2906
945.319	469.685	0.6583	0.1627	1.192	0.1632	1.3617	0.1631	30.5443	3.4306
868.915	470.576	-1.5912	0.7644	-0.4267	0.757	1.6475	0.7639	97.5061	13.2841
623.063	476.651	-2.3966	0.1007	-0.7492	0.1009	2.5109	0.1007	98.6795	1.1492
709.82	478.231	-1.4361	0.2221	-0.7961	0.2211	1.642	0.2219	104.5011	3.8711
950.761	480.75	0.8448	0.1431	0.9345	0.1432	1.2598	0.1432	23.9422	3.2561
685.154	489.831	-4.112	0.1055	0.1312	0.1051	4.1141	0.1055	89.0861	0.7346
788.773	485.763	-1.6264	0.1026	2.6668	0.1047	3.1236	0.1041	60.6892	0.9552
620.957	489.136	-3.4211	0.1193	-2.095	0.1204	4.0116	0.1196	105.7413	0.8544
20.831	491.981	-3.1468	0.3016	0.0238	0.3009	3.1469	0.3016	89.7836	2.7456
797.463	496.081	-2.9953	0.0581	-0.9232	0.0581	3.1343	0.0581	98.5652	0.531
399.241	497.817	-1.8141	0.0184	0.0218	0.0183	1.8143	0.0184	89.6559	0.2904
805.645	500.618	-3.2746	0.0504	-0.8916	0.0504	3.3938	0.0504	97.6158	0.4252
660.302	501.964	-2.849	0.1932	-1.254	0.193	3.1127	0.1931	101.8785	1.7775
680.146	506.984	-3.1254	0.141	-0.7839	0.141	3.2222	0.141	97.0399	1.2536
701.138	516.479	-3.6042	0.1485	-0.6238	0.1474	3.6578	0.1485	94.9098	1.1631
710.003	517.355	-2.4013	0.5161	0.0892	0.5095	2.403	0.5161	88.9366	6.1532
480.619	528.076	-1.7626	0.0171	-0.6173	0.0169	1.8675	0.017	99.6503	0.2614
766.124	530.951	-4.2659	0.1368	-1.4186	0.1365	4.4955	0.1368	99.1969	0.8718
492.246	531.344	-4.3765	0.0189	0.4479	0.0189	4.3994	0.0189	87.0784	0.1234
473.161	544.18	3.1511	0.0973	12.3597	0.0973	12.7551	0.0973	37.8486	0.2186
59.936	547.009	-3.8306	0.1738	-1.6781	0.1726	4.182	0.1736	101.8284	1.1893
639.084	546.641	-3.2721	0.0926	-0.5446	0.0925	3.3172	0.0926	94.7249	0.7994
704.962	554.304	-4.1505	0.1965	-1.4555	0.1969	4.3984	0.1966	99.6623	1.2803
66.159	556.974	-4.8534	0.1917	-0.4229	0.1908	4.8718	0.1917	92.4902	1.1271
820.395	561.502	-3.2055	0.0561	-1.2572	0.056	3.4432	0.0561	100.7074	0.4667
457.82	563.365	-3.8494	0.1071	-1.6932	0.1069	4.2053	0.107	101.871	0.7291
716.515	581.74	-3.4889	0.1333	-1.6121	0.1335	3.8433	0.1333	102.4003	0.9937
246.013	583.163	-4.4387	0.1373	-0.8229	0.1368	4.5144	0.1373	95.2515	0.8713
232.615	591.072	-3.04	0.234	-2.5712	0.238	3.9815	0.2357	110.1118	1.6959
399.159	600.906	-3.3901	0.1001	-2.8846	0.0993	4.4512	0.0998	110.1971	0.642
429.016	600.393	-3.0609	0.0347	-2.1165	0.0346	3.7214	0.0347	107.3311	0.267
397.048	617.043	-6.4347	0.2375	-5.0391	0.2344	8.173	0.2363	109.0324	0.8283
673.569	616.97	-2.7595	0.1457	-2.2476	0.1448	3.559	0.1454	109.5814	1.1701
692.788	625.906	-3.7374	0.0413	-1.4189	0.0412	3.9977	0.0413	100.3943	0.2958
772.973	625.995	-2.2924	0.1208	4.1381	0.119	4.7307	0.1194	59.4927	0.7231
758.083	627.068	0.2385	0.0548	0.344	0.0547	0.4186	0.0547	27.6339	3.7459
525.816	631.36	-4.7468	0.1562	-1.3265	0.155	4.9287	0.1561	97.8065	0.9071
759.023	636.322	0.2521	0.0341	0.397	0.0341	0.4703	0.0341	28.7917	2.0754
512.495	639.96	-3.0933	0.1439	-2.3157	0.1432	3.8641	0.1436	108.4095	1.0649
630.291	653.145	-1.2803	0.3087	-0.9252	0.3083	1.5796	0.3086	107.9271	5.5961
711.685	654.782	1.0257	0.3022	1.0465	0.302	1.4653	0.3021	22.7874	5.9059
858.21	659.02	-3.2004	0.1285	-2.3222	0.128	3.9541	0.1283	107.9819	0.9297
372.733	661.985	2.316	0.1898	2.915	0.1877	3.723	0.1885	25.7666	1.4506
378.968	668.33	-2.9766	0.1994	-0.8567	0.1979	3.0975	0.1993	98.0284	1.8431
259.88	671.195	-2.0264	0.2334	-1.0427	0.2327	2.2789	0.2333	103.6144	2.9322
500.363	670.535	-3.1891	0.0358	-2.6883	0.0357	4.171	0.0358	110.0647	0.2455
225.036	675.782	-2.6429	0.1829	-1.3878	0.1833	2.9851	0.183	103.8522	1.7565
770.251	677.932	1.9986	0.2034	4.1494	0.199	4.6056	0.1998	32.1407	1.2431
495.979	682.029	3.1339	0.0903	4.2765	0.0902	5.3019	0.0902	26.8826	0.4874
512.321	683.698	-12.4545	0.1709	3.8142	0.1659	13.0255	0.1705	81.4864	0.375
877.518	686.129	-2.8968	0.1937	-1.8772	0.1932	3.4519	0.1935	106.4724	1.6061
564.149	688.488	-3.5696	0.2159	-2.4689	0.2163	4.3402	0.216	107.3348	1.4258
776.873	692.099	-3.4744	0.0946	-1.5436	0.0942	3.8019	0.0945	101.9774	0.7121
467.791	738.355	-3.6638	0.2138	-2.0687	0.214	4.2075	0.2139	104.7254	1.4563
301.229	742.263	-2.8224	0.1535	-2.284	0.1523	3.6308	0.153	109.4909	1.2073
430.298	748.955	-3.3389	0.2258	-2.2065	0.226	4.0021	0.2259	106.7289	1.6167
438.065	755.827	1.9102	0.2273	2.9263	0.2274	3.4946	0.2274	28.4321	1.8641
755.715	757.871	-2.6641	0.1834	-1.604	0.1829	3.1097	0.1833	105.5258	1.6884
610.788	769.131	-4.4723	0.1145	-1.2762	0.1142	4.6508	0.1145	97.9633	0.7053
599.495	769.666	-2.668	0.0813	-1.8905	0.0812	3.2699	0.0813	107.6602	0.7119
849.704	779.445	-4.9584	0.6967	-2.2134	0.6988	5.43	0.697	102.0278	3.6774
337.507	785.653	-3.1779	0.1682	-2.4369	0.1681	4.0048	0.1681	108.741	1.2028
264.309	800.442	-3.1557	0.2169	-1.1476	0.2165	3.3579	0.2169	99.9922	1.8502
616.431	801.259	-3.0192	0.4268	-1.3553	0.4316	3.3095	0.4276	102.0878	3.7016
687.777	810.944	-3.2218	0.0391	-1.582	0.039	3.5893	0.0391	103.076	0.3119
974.037	829.028	-3.191	0.1503	-2.6062	0.1497	4.1201	0.15	109.6198	1.0433
806.347	823.57	-2.9506	0.1395	-1.9067	0.139	3.513	0.1393	106.4354	1.1363
832.15	823.402	-3.9826	0.2655	-1.6608	0.2643	4.315	0.2653	101.3186	1.7617
747.038	825.634	-3.5398	0.2783	-1.9985	0.2763	4.065	0.2778	104.7243	1.958
796.264	834.707	1.9108	0.1659	2.2297	0.1655	2.9364	0.1657	24.702	1.6161
90.386	843.579	-2.5418	0.1926	-1.3189	0.1933	2.8636	0.1927	103.7118	1.9283
794.678	850.618	-3.6957	0.3214	-2.3846	0.3202	4.3983	0.3211	106.4158	2.0912
113.94	861.72	-1.3147	0.4039	0.9946	0.4027	1.6486	0.4035	71.4456	7.0121
308.929	864.342	-1.6162	0.1258	-0.8486	0.1256	1.8255	0.1258	103.8514	1.9737
822.556	871.948	1.474	0.2738	1.8413	0.2725	2.3586	0.273	25.6606	3.316
832.133	877.527	-1.7679	0.3638	-1.0567	0.3619	2.0596	0.3633	105.4341	5.0535
211.674	882.807	-4.0738	0.2998	-2.5475	0.297	4.8048	0.299	106.0095	1.7828
752.524	887.62	-3.1748	0.0308	-1.8463	0.0308	3.6726	0.0308	105.0898	0.2401
369.647	914.312	-2.8296	0.2958	-1.9936	0.2934	3.4614	0.295	107.5834	2.4414
661.636	933.135	-2.4978	0.1643	-1.9981	0.1636	3.1986	0.164	109.3295	1.469
646.408	937.858	-0.7221	0.3806	3.523	0.3775	3.5963	0.3776	50.7917	3.0083
367.419	942.37	-4.2118	0.2381	-0.8223	0.2378	4.2914	0.2381	95.5235	1.5895
360.171	952.674	-2.9421	0.265	-1.2062	0.264	3.1798	0.2648	101.1458	2.386
228.741	970.071	-2.474	0.1066	-0.7399	0.1063	2.5823	0.1065	98.3252	1.182
284.773	970.217	-0.0125	0.2526	2.7935	0.2517	2.7935	0.2517	45.1287	2.5811
299.182	971.77	-2.067	0.2279	-1.7539	0.2283	2.7109	0.2281	110.1576	2.4101
55.23	981.714	-0.7842	0.1297	-0.3195	0.1296	0.8468	0.1297	101.0846	4.3876
554.739	983.537	-2.6461	0.0598	-1.8586	0.0597	3.2336	0.0597	107.5416	0.5293
65.207	985.909	-2.1319	0.2855	1.6276	0.2823	2.6822	0.2843	71.3199	3.037
686.44	991.885	-2.175	0.0455	-2.0204	0.0454	2.9686	0.0455	111.4448	0.4389
984.745	999.929	-3.4031	0.1609	-2.9327	0.1605	4.4924	0.1608	110.377	1.0252
565.674	525.361	-3.8006	0.2645	-1.3819	0.2651	4.044	0.2646	99.9904	1.8743
686.175	524.71	-0.3089	0.4587	1.4203	0.4499	1.4535	0.4503	51.1359	8.8751
495.428	543.134	-3.5873	0.1098	-0.0642	0.1081	3.5878	0.1098	90.5123	0.8765
698.512	552.92	-4.4014	0.2121	-1.3976	0.2117	4.618	0.2121	98.808	1.3157
815.034	574.33	-3.2293	0.2148	-2.9369	0.2081	4.365	0.2118	111.1425	1.39
434.738	593.201	-3.2354	0.0374	-1.8139	0.0373	3.7092	0.0374	104.6383	0.2887
676.216	629.028	1.2645	0.0981	4.0292	0.0987	4.223	0.0987	36.288	0.6695
424.419	644.306	1.1457	0.1417	1.7188	0.1406	2.0656	0.141	28.1574	1.9549
477.869	737.897	-4.2017	0.2628	-1.2125	0.2609	4.3731	0.2626	98.0481	1.7206
460.58	751.175	-5.2321	0.4651	-2.7978	0.4593	5.9331	0.4638	104.0678	2.2395
611.576	812.487	-5.0667	0.3176	-1.8271	0.3184	5.3861	0.3177	99.9149	1.6898
969.376	838.003	2.8545	0.1812	2.9695	0.1817	4.119	0.1815	23.0652	1.262
509.234	866.355	-3.4206	0.1216	-2.2163	0.1209	4.0759	0.1214	106.4703	0.8532
751.781	351.612	8.0904	0.1057	8.3348	0.1008	11.6157	0.1032	22.9264	0.2545
621.282	400.396	-4.6096	0.2868	-1.0413	0.2838	4.7258	0.2866	96.3649	1.7375
668.22	484.845	-4.4332	0.5405	3.4269	0.5392	5.6033	0.54	71.1478	2.7609
989.798	619.785	1.7308	0.3688	2.941	0.3654	3.4125	0.3663	29.7612	3.0751
761.658	764.303	-3.0897	0.2143	-2.3335	0.2127	3.8719	0.2137	108.5309	1.581
711.417	773.394	-2.7893	0.2314	-2.0426	0.2324	3.4572	0.2318	108.1077	1.9204
220.385	797.439	-3.1209	0.5674	-0.1475	0.5712	3.1243	0.5674	91.3534	5.2025
237.555	981.736	-4.6243	0.3177	0.7404	0.3201	4.6832	0.3177	85.4515	1.9436
446.841	607.112	-26.1484	0.7085	-4.8412	0.831	26.5927	0.7129	95.2445	0.768
211.841	160.079	-0.3514	0.8297	1.7849	0.8267	1.8191	0.8268	50.5696	13.0212
924.094	971.633	1.9395	0.9808	3.5243	0.9942	4.0227	0.9911	30.5874	7.0585
380.488	651.331	-2.0399	0.6267	-0.5975	0.581	2.1256	0.6232	98.1624	8.3998
325.518	782.979	-0.1571	0.6457	0.2387	0.6513	0.2858	0.6496	61.6752	65.1209
