437.768	15.085	0.3816	0.0299	3.3576	0.03	3.3792	0.03	41.7583	0.2541
352.093	52.129	-1.2803	0.0293	3.9227	0.029	4.1263	0.0291	54.0383	0.2018
880.159	75.708	-3.6923	0.2345	3.4645	0.2348	5.0632	0.2346	68.4115	1.3276
878.409	79.555	-5.0412	0.259	5.0795	0.2348	7.1565	0.2471	67.3917	0.9892
954.695	86.529	-2.4098	0.2389	0.3008	0.2381	2.4285	0.2389	86.4428	2.8183
386.349	97.199	1.1984	0.4393	2.0102	0.4381	2.3403	0.4384	29.5994	5.3664
663.929	146.376	-0.3033	0.1233	1.0302	0.1233	1.0739	0.1233	53.201	3.2883
50.965	156.496	0.4642	0.0449	1.1474	0.045	1.2378	0.045	33.988	1.0411
325.665	164.933	-2.4462	0.303	1.0706	0.3037	2.6702	0.3031	78.1818	3.2524
642.795	211.567	-5.3721	0.0484	-2.044	0.0483	5.7478	0.0484	100.4155	0.2412
397.593	234.761	0.3868	0.0638	0.9693	0.0637	1.0436	0.0637	34.1226	1.7498
206.076	267.27	-6.3345	0.1538	0.1897	0.1544	6.3374	0.1538	89.1424	0.6953
332.405	304.227	-3.5704	0.0467	-1.6796	0.047	3.9457	0.0468	102.5967	0.3396
468.98	319.526	-3.4512	0.3326	0.4587	0.3332	3.4816	0.3326	86.2146	2.7366
471.267	329.368	-4.1748	0.2704	0.7052	0.2718	4.2339	0.2705	85.2064	1.83
346.938	336.237	2.3937	0.0464	8.331	0.0459	8.6681	0.046	36.9846	0.152
786.978	335.641	-0.1905	0.0493	0.8604	0.0494	0.8812	0.0494	51.2428	1.6057
464.444	336.824	-3.8266	0.3287	-0.4744	0.3293	3.8559	0.3287	93.5338	2.4419
694.811	338.693	0.1861	0.1321	0.6156	0.1322	0.6431	0.1322	36.5902	5.888
993.13	359.399	-1.6755	0.3385	0.2076	0.3404	1.6883	0.3385	86.4679	5.7437
667.141	366.932	-5.001	0.1845	-2.1758	0.1852	5.4538	0.1846	101.7564	0.9698
528.827	376.383	-5.4257	0.1948	-2.6013	0.1951	6.0171	0.1948	102.8076	0.9277
496.881	382.66	-5.3345	0.6997	-3.1303	0.6975	6.1851	0.6992	105.2023	3.2383
747.65	388.832	-3.4654	0.9765	-0.7917	0.9766	3.5547	0.9765	96.4343	7.8699
403.57	405.96	-3.7106	0.1227	0.1807	0.1227	3.715	0.1227	88.6064	0.9458
584.438	419.16	-4.0969	0.2908	-3.1707	0.2919	5.1805	0.2912	108.8687	1.6103
605.134	419.46	-4.0454	0.2192	-3.0162	0.2202	5.0461	0.2196	108.3539	1.2466
451.589	423.439	-5.5813	0.2768	-1.1875	0.2773	5.7063	0.2769	96.0058	1.3899
447.181	427.31	-5.4215	0.1001	-2.2021	0.1001	5.8517	0.1001	101.053	0.4899
547.733	429.346	-7.3123	0.0694	-3.7779	0.0696	8.2306	0.0695	103.6616	0.2418
413.919	441.69	-4.5808	0.3021	-2.0804	0.3042	5.031	0.3025	102.2128	1.7223
534.035	442.359	-6.0504	0.3381	-3.2674	0.338	6.8762	0.3381	104.1851	1.4087
545.221	442.788	-5.3895	0.0687	-3.3246	0.0686	6.3324	0.0687	105.8348	0.3109
525.168	444.669	-6.7274	0.0632	-3.3757	0.0636	7.5268	0.0633	103.3235	0.241
476.963	447.263	-6.1534	0.0615	-2.8179	0.0617	6.7679	0.0616	102.3025	0.2606
529.405	454.115	-5.1127	0.1847	-2.3528	0.1851	5.6281	0.1848	102.3559	0.9405
701.992	456.155	-4.645	0.3015	-0.309	0.302	4.6553	0.3015	91.9031	1.8551
451.437	458.375	-5.3202	0.2984	-1.0617	0.2985	5.4251	0.2984	95.6428	1.5758
757.955	457.624	-3.3284	0.1571	-1.9891	0.1575	3.8775	0.1572	105.4313	1.1614
632.049	458.453	-4.9886	0.0214	3.3038	0.0221	5.9834	0.0216	73.2426	0.1035
427.417	462.232	-6.2366	0.2155	-3.3057	0.215	7.0585	0.2154	103.9626	0.874
630.027	462.562	-0.4338	0.0346	0.9389	0.0342	1.0343	0.0343	57.3988	0.9493
257.887	467.278	2.2705	0.2382	3.1345	0.2396	3.8704	0.2391	27.0412	1.77
556.017	471.26	-4.9336	0.2626	-3.9999	0.2618	6.3513	0.2623	109.5166	1.183
470.028	472.707	-6.2676	0.1524	-2.0032	0.1526	6.5799	0.1524	98.8621	0.6635
483.788	473.047	-2.2854	0.0245	1.6255	0.0239	2.8045	0.0243	72.2892	0.2479
257.369	474.589	1.6053	0.3292	3.0183	0.3308	3.4186	0.3304	30.997	2.7691
630.498	481.053	-4.4163	0.2803	-3.8174	0.2821	5.8375	0.2811	110.42	1.3793
555.865	487.259	-3.8875	0.261	-3.2831	0.2616	5.0883	0.2612	110.0908	1.4708
374.315	497.756	-3.7809	0.0603	-2.6105	0.0605	4.5945	0.0604	107.3114	0.3765
445.632	498.261	-4.7279	0.1874	-2.6647	0.1883	5.4272	0.1876	104.7032	0.9903
608.775	500.403	-4.6851	0.2517	-2.6142	0.2526	5.3651	0.2519	104.5802	1.3449
502.07	503.372	-6.1464	0.2158	-2.8623	0.2179	6.7801	0.2162	102.4854	0.9134
582.371	504.069	-4.3096	0.1644	-1.5928	0.1634	4.5945	0.1643	100.1422	1.0244
574.551	508.908	-4.7548	0.0709	-2.3014	0.0708	5.2825	0.0708	102.9139	0.3842
557.285	511.662	-5.3757	0.4363	-3.2636	0.4359	6.2888	0.4362	105.631	1.9872
477.978	513.65	-5.4896	0.0973	-1.7544	0.0978	5.7632	0.0974	98.8614	0.4841
501.51	515.23	-5.9876	0.1254	-2.2564	0.1266	6.3987	0.1255	100.3244	0.562
525.959	519.242	-5.4137	0.1196	-1.8605	0.1205	5.7245	0.1197	99.4832	0.599
588.439	521.09	-4.5472	0.1091	-2.5893	0.1086	5.2327	0.1089	104.8292	0.5964
517.643	522.687	-6.0283	0.2337	-2.9342	0.2366	6.7045	0.2343	102.9767	1.001
482.624	523.983	-5.7058	0.3012	-1.9056	0.3023	6.0156	0.3013	99.234	1.4349
448.926	524.761	-4.9894	0.1482	-2.1514	0.1492	5.4335	0.1483	101.6628	0.7821
509.096	525.727	-6.0022	0.2382	-2.565	0.2403	6.5273	0.2385	101.5696	1.0468
494.184	528.781	-5.4791	0.0558	-2.2884	0.056	5.9378	0.0558	101.3339	0.2692
462.462	537.093	-5.6428	0.2467	-2.2925	0.2456	6.0908	0.2465	101.0553	1.1596
468.94	538.413	-4.8034	0.051	-1.6866	0.0511	5.0909	0.051	99.6736	0.2868
495.146	539.104	-5.289	0.1452	-3.001	0.1468	6.0811	0.1456	104.7856	0.6858
589.004	541.644	-5.8936	0.285	-4.127	0.2855	7.1949	0.2852	107.5008	1.1355
678.187	541.206	-5.2401	0.0783	-4.2959	0.0789	6.7759	0.0786	109.6727	0.3322
518.001	542.624	-5.7225	0.0854	-2.2337	0.086	6.143	0.0855	100.6611	0.3985
444.049	544.478	-5.6136	0.2451	-2.8865	0.2443	6.3123	0.2449	103.6062	1.1116
533.287	544.479	-5.1744	0.2824	-2.6791	0.285	5.8269	0.2829	103.6866	1.391
778.896	545.013	-3.1472	0.3336	-2.658	0.3364	4.1195	0.3348	110.0914	2.3281
448.668	545.838	-6.8061	0.3328	-2.3612	0.3313	7.204	0.3327	99.5666	1.3229
547.189	549.344	-1.258	0.021	0.5866	0.0202	1.3881	0.0209	77.5003	0.4306
490.578	559.881	-4.6609	0.2416	-2.8771	0.2423	5.4774	0.2418	105.8431	1.2647
499.815	559.879	-5.3205	0.1007	-2.3436	0.1011	5.8138	0.1008	101.8861	0.4966
545.566	562.021	-3.1794	0.0363	-1.7906	0.0363	3.649	0.0363	104.6937	0.2849
491.857	565.518	-5.5293	0.206	-2.7374	0.2052	6.1699	0.2059	103.1694	0.9559
504.017	565.662	-5.8447	0.2153	-1.7053	0.2169	6.0884	0.2154	98.1328	1.0137
525.017	567.521	-5.7534	0.2331	-1.4862	0.2346	5.9423	0.2332	97.242	1.1243
40.978	568.625	-3.6925	0.0812	1.129	0.0814	3.8612	0.0812	81.4989	0.6026
360.444	569.17	-4.5426	0.1028	-3.5369	0.1033	5.7572	0.103	108.9522	0.5124
539.499	569.273	-4.5174	0.0835	-2.0412	0.084	4.9571	0.0836	102.1579	0.4831
578.696	591.529	-6.0961	0.2653	-2.9025	0.2671	6.7518	0.2656	102.73	1.1271
638.045	591.765	3.9959	0.1839	4.6776	0.1851	6.1521	0.1846	24.747	0.8595
620.468	598.43	-1.7117	0.0274	1.7514	0.0281	2.4489	0.0277	67.1715	0.3245
620.712	602.589	-6.0447	0.0392	-1.9619	0.0387	6.3551	0.0392	98.991	0.1767
482.857	602.779	-4.1897	0.1498	-2.7721	0.1505	5.0238	0.15	106.7453	0.8554
548.88	609.008	-5.5548	0.0727	-1.2434	0.0728	5.6922	0.0727	96.3086	0.366
344.945	612.613	2.3086	0.0289	6.1286	0.0286	6.549	0.0286	34.6793	0.1252
698.952	633.154	-5.3429	0.0675	-3.1467	0.0681	6.2006	0.0676	105.2479	0.3125
850.734	636.286	-5.8943	0.0674	-2.205	0.0677	6.2933	0.0675	100.255	0.3071
159.345	640.781	0.5136	0.1594	1.4368	0.1597	1.5258	0.1597	35.1653	2.998
581.1	662.416	-4.2199	0.9967	-0.3125	0.9951	4.2315	0.9967	92.1174	6.7476
606.064	686.462	0.4145	0.2204	1.019	0.2205	1.1001	0.2205	33.9326	5.7426
759.824	687.264	-4.7269	0.0366	-1.7164	0.0367	5.0289	0.0366	99.9782	0.2084
656.232	688.05	-4.5653	0.1219	-1.0624	0.1227	4.6873	0.1219	96.5501	0.7451
360.461	710.19	0.654	0.1149	1.3873	0.1152	1.5337	0.1151	32.3802	2.1505
467.553	717.96	-6.8421	0.1611	-1.5539	0.1621	7.0163	0.1611	96.3978	0.658
559.656	722.242	0.6446	0.1968	1.3683	0.1974	1.5126	0.1973	32.3875	3.7367
957.804	733.754	-4.825	0.2219	-1.6043	0.2235	5.0847	0.2221	99.1958	1.2511
713.942	752.218	0.5095	0.2231	1.6858	0.2244	1.7611	0.2243	36.5918	3.6483
419.442	761.387	-4.1968	0.997	-2.1166	0.9962	4.7003	0.9968	103.3815	6.0753
544.478	768.233	-6.9136	0.3097	-2.3892	0.3119	7.3148	0.31	99.532	1.214
732.587	774.458	-3.6849	0.2832	-1.4873	0.2853	3.9737	0.2835	100.9898	2.0437
173.784	817.686	0.7067	0.2643	2.0761	0.2657	2.1931	0.2656	35.6003	3.469
338.6	867.964	0.2532	0.261	2.6095	0.2623	2.6218	0.2623	42.229	2.8658
752.622	870.662	-3.1675	0.2059	-0.8735	0.2074	3.2857	0.206	97.709	1.7958
156.662	877.601	-4.4414	0.0917	-1.6665	0.0922	4.7437	0.0918	100.2836	0.5544
270.412	892.668	0.7224	0.1988	1.7776	0.2001	1.9188	0.1999	33.9418	2.9846
610.841	910.486	0.9647	0.1101	1.8094	0.1108	2.0505	0.1106	30.9676	1.5457
835.166	948.861	-3.7267	0.0979	-1.3192	0.0987	3.9533	0.098	99.7468	0.7104
391.215	261.957	1.7261	0.0279	6.4948	0.0283	6.7202	0.0283	37.5585	0.1206
344.983	339.823	-0.9789	0.0876	10.6306	0.0842	10.6756	0.0842	47.6305	0.2259
347.236	344.925	-14.9726	0.153	6.4466	0.166	16.3014	0.1551	78.3525	0.2726
484.64	476.306	-4.434	0.0288	1.4711	0.0286	4.6717	0.0288	80.823	0.1764
346.403	349.883	3.6366	0.0747	6.0882	0.0735	7.0916	0.0739	29.5745	0.2984
390.92	264.977	-17.2005	0.0873	-10.7513	0.0928	20.2842	0.0888	106.004	0.1255
442.218	462.277	-10.1284	0.0841	4.8937	0.0792	11.2487	0.0831	77.1059	0.2118
546.201	546.238	-3.8853	0.0739	-1.3985	0.0766	4.1293	0.0742	99.8983	0.5148
