105.756	40.687	5.7807	0.1229	8.4859	0.1184	10.2678	0.1199	27.8685	0.3345
329.07	78.359	0.3879	0.2857	1.7735	0.284	1.8154	0.2841	38.8318	4.4828
782.89	110.511	3.1274	0.1404	5.8251	0.141	6.6115	0.1409	30.8846	0.6104
471.768	270.003	-6.3507	0.2336	-3.7779	0.233	7.3895	0.2335	105.3737	0.9051
578.812	277.783	-0.5585	0.2718	0.964	0.2731	1.1141	0.2728	60.044	7.0141
180.204	300.437	-5.0507	0.0303	-2.8251	0.0299	5.7871	0.0302	104.6103	0.1496
594.559	372.601	3.8698	0.0235	6.6962	0.0247	7.734	0.0244	29.9879	0.0904
390.278	378.699	-4.3751	0.1034	-2.0859	0.1017	4.8469	0.1031	102.7454	0.6092
456.2	384.93	2.8934	0.2005	3.7077	0.1969	4.7031	0.1983	26.0162	1.2077
319.001	387.218	2.643	0.0229	19.8443	0.0238	20.0196	0.0238	41.2068	0.0341
301.244	395.827	3.455	0.2367	4.8365	0.233	5.9438	0.2343	27.2298	1.1292
399.757	418.382	-3.6215	0.1191	-3.0389	0.1171	4.7276	0.1183	110.0004	0.7168
578.698	418.653	2.7208	0.1369	4.1794	0.1352	4.987	0.1357	28.4679	0.7798
414.045	420.044	-4.3558	0.2603	-2.4809	0.2546	5.0128	0.2589	104.8322	1.4795
899.298	419.553	-0.0315	0.0995	-0.0016	0.0996	0.0315	0.0995	91.4851	90.4566
435.194	422.161	-4.0	0.3291	-1.7135	0.3247	4.3515	0.3284	101.5943	2.1622
447.165	422.187	-3.9436	0.2926	-3.1519	0.2858	5.0484	0.2899	109.3166	1.6453
393.562	425.731	2.3518	0.0508	3.0957	0.05	3.8877	0.0503	26.3879	0.3707
439.121	427.7	-4.4461	0.1499	-3.6343	0.1475	5.7425	0.1489	109.6316	0.743
421.005	444.933	-4.9612	0.1304	-2.9697	0.1295	5.7821	0.1301	105.4518	0.6448
261.231	446.299	-4.7131	0.1206	-3.6692	0.1191	5.973	0.12	108.9508	0.5757
443.986	448.578	-3.9194	0.2457	-3.4309	0.2434	5.2089	0.2447	110.5989	1.3457
470.193	449.251	-3.6408	0.072	-2.2438	0.0713	4.2767	0.0718	105.8228	0.4809
476.311	450.441	-10.458	0.2298	-8.4397	0.2319	13.4387	0.2306	109.4519	0.4917
444.796	458.825	-4.0841	0.0839	-2.8355	0.0832	4.9719	0.0837	107.3859	0.4822
490.085	462.898	-3.5807	0.2247	-2.3053	0.2227	4.2586	0.2241	106.3873	1.5075
350.698	466.227	-3.77	0.1576	-3.0103	0.1559	4.8244	0.1569	109.3033	0.9318
413.16	468.326	-4.3278	0.1921	-2.242	0.1897	4.8741	0.1916	103.6932	1.126
437.514	472.156	-4.6689	0.188	-2.5375	0.1867	5.3139	0.1877	104.2618	1.0118
460.986	473.942	-3.8997	0.1545	-2.0891	0.1517	4.424	0.1539	104.0891	0.9966
364.504	478.776	-4.3096	0.1101	-2.7377	0.109	5.1056	0.1098	106.2128	0.616
356.839	483.408	-4.1239	0.2628	-1.8956	0.2594	4.5388	0.2622	102.3433	1.6553
493.46	489.443	-3.5093	0.2819	-2.7806	0.2761	4.4773	0.2796	109.196	1.7893
564.758	490.043	2.1815	0.0814	2.5327	0.0809	3.3427	0.0811	24.6304	0.6954
468.872	514.904	-4.8609	0.222	-2.1107	0.221	5.2994	0.2218	101.7359	1.1992
681.547	520.839	0.2786	0.2724	3.3792	0.273	3.3907	0.273	42.6437	2.3066
499.562	521.721	2.0173	0.0213	10.0127	0.0219	10.2139	0.0218	39.3044	0.0613
511.645	525.544	-6.0097	0.306	-3.6792	0.3096	7.0465	0.307	105.7377	1.248
305.956	529.378	4.7302	0.0351	14.9424	0.035	15.6732	0.035	36.217	0.064
487.603	529.338	-4.1111	0.3184	-1.1142	0.3152	4.2594	0.3182	97.5821	2.1403
181.174	529.555	-3.6037	0.1652	-1.145	0.1638	3.7812	0.165	98.813	1.2504
409.475	533.221	-3.39	0.3059	-2.3312	0.3052	4.1142	0.3057	107.2576	2.1288
462.062	540.398	-4.2155	0.0837	-2.5311	0.0829	4.917	0.0835	105.4907	0.4863
413.667	542.841	-4.7202	0.0833	-2.6317	0.0829	5.4043	0.0832	104.5705	0.4411
393.599	544.675	-4.1835	0.1013	-2.4193	0.1005	4.8326	0.1011	105.0202	0.5995
391.233	558.172	-5.5861	0.0981	-2.7548	0.0968	6.2284	0.0979	103.1251	0.4501
491.853	560.486	-3.2049	0.1469	-2.1199	0.1433	3.8426	0.1458	106.7416	1.0871
535.386	581.898	-1.8951	0.2005	-0.2381	0.1961	1.91	0.2005	93.5804	3.0069
410.093	611.258	-3.9034	0.3489	-3.3205	0.3441	5.1247	0.3469	110.1934	1.9394
243.896	648.434	0.0353	0.305	1.245	0.2956	1.2455	0.2956	44.1872	6.7992
152.144	651.378	-1.2721	0.1184	2.7482	0.1155	3.0284	0.116	57.4193	1.0975
606.713	684.058	-1.6507	0.061	-0.9858	0.0606	1.9227	0.0609	105.4233	0.9077
964.916	698.651	-3.4516	0.1255	-2.302	0.1257	4.1488	0.1255	106.8501	0.8669
733.594	721.688	-3.6765	0.2106	0.3297	0.2099	3.6912	0.2106	87.4374	1.6342
547.39	725.104	-1.8572	0.0498	-0.5169	0.0494	1.9278	0.0498	97.7771	0.7401
541.257	753.673	-1.8597	0.1368	-1.51	0.1356	2.3955	0.1363	109.5376	1.6303
295.803	776.004	-4.7927	0.0678	-0.8343	0.0669	4.8648	0.0678	94.9372	0.3992
613.405	824.091	-0.8063	0.2741	0.8099	0.2712	1.1428	0.2726	67.4366	6.8341
889.817	833.767	-2.686	0.095	-1.7069	0.0949	3.1825	0.0949	106.2172	0.8547
274.396	841.497	-0.4815	0.2774	2.0272	0.2724	2.0836	0.2727	51.6803	3.749
587.594	935.938	1.5739	0.0626	1.9734	0.0618	2.5242	0.0621	25.7131	0.705
499.861	973.005	1.2032	0.0618	1.4911	0.0611	1.916	0.0614	25.5497	0.9181
283.265	299.595	-3.7279	0.2015	-3.0618	0.1984	4.8241	0.2003	109.6987	1.1894
89.398	350.875	-7.4428	0.1047	-4.8966	0.1034	8.9091	0.1043	106.6706	0.3354
240.587	354.235	-4.4786	0.1169	-4.5049	0.1152	6.3523	0.116	112.5838	0.5232
392.056	436.852	-4.6947	0.0271	0.3019	0.0271	4.7044	0.0271	88.1605	0.1652
453.236	511.846	-2.3347	0.0281	12.6936	0.0295	12.9066	0.0294	50.211	0.0653
456.264	512.798	0.4138	0.0287	0.5156	0.0292	0.6611	0.029	25.6271	1.2573
308.909	523.789	-14.1854	0.0297	-4.0319	0.0293	14.7473	0.0297	97.9334	0.0576
592.068	645.851	-0.9776	0.0307	1.9289	0.0318	2.1625	0.0315	58.4389	0.4179
780.403	347.212	-1.9628	0.3812	0.0977	0.3827	1.9652	0.3812	88.575	5.5573
271.862	620.198	-3.1695	0.3837	-1.7445	0.3825	3.6179	0.3835	104.4144	3.0364
494.986	443.126	5.4034	0.4792	5.7682	0.4771	7.9038	0.4781	23.4352	1.7328
719.07	699.464	-3.5524	0.5623	-0.544	0.5554	3.5939	0.5621	94.3533	4.481
593.95	376.028	-14.732	0.0754	-8.9499	0.0867	17.2376	0.0786	105.6396	0.1306
391.026	442.133	1.9205	0.036	10.046	0.0359	10.2279	0.0359	39.5886	0.1005
498.99	525.048	7.019	0.0538	11.3161	0.0555	13.3161	0.0551	29.095	0.1185
487.588	563.912	1.8812	0.6834	7.5307	0.6594	7.7621	0.6609	37.987	2.4391
394.868	439.984	-13.219	0.0736	-8.1797	0.0625	15.5451	0.0707	105.8743	0.1303
436.993	484.115	-6.4843	0.9976	-6.1529	0.998	8.9389	0.9978	111.7488	3.1979
