685.576	674.586	0.5724	0.0109	1.2651	0.0108	1.3886	0.0108	32.8275	0.2232
559.263	688.478	-5.2528	0.2508	-0.0517	0.2569	5.253	0.2508	90.2818	1.3676
561.484	698.396	-3.7584	0.3216	-0.3388	0.3307	3.7737	0.3217	92.5757	2.4421
698.549	714.222	-3.8295	0.0667	-2.1581	0.0673	4.3957	0.0668	104.7016	0.4356
825.681	751.961	-6.8704	0.2077	-0.9812	0.2116	6.9401	0.2078	94.0639	0.8578
639.226	755.228	-0.3684	0.037	0.1285	0.0371	0.3902	0.0371	80.3833	2.7207
633.106	783.813	0.1742	0.0902	0.5695	0.0911	0.5955	0.091	36.4967	4.377
387.294	806.184	-5.6787	0.0699	-2.8516	0.0706	6.3545	0.0701	103.3318	0.3158
982.16	864.367	0.0399	0.0637	0.0378	0.0642	-0.0549	0.0639	111.7298	33.3671
365.924	871.585	-0.3377	0.173	0.4199	0.1761	0.5388	0.1749	64.4011	9.2994
75.135	930.265	-2.5931	0.3245	-0.3742	0.3313	2.6199	0.3246	94.106	3.5495
150.081	940.801	-4.1371	0.2138	1.9663	0.218	4.5806	0.2146	77.2891	1.342
679.411	966.509	-0.1202	0.0462	0.5493	0.0463	0.5623	0.0463	51.1702	2.3605
591.545	1003.562	-0.0876	0.0424	0.2614	0.0426	0.2757	0.0425	54.2588	4.4197
197.345	69.149	-5.0043	0.1532	-2.3865	0.1554	5.5442	0.1536	102.7481	0.7938
420.763	107.124	-0.0251	0.1711	0.2634	0.1737	0.2646	0.1737	47.7188	18.8074
761.263	124.703	0.0158	0.2967	0.4944	0.301	0.4947	0.301	44.0877	17.4311
875.397	139.646	-5.3087	0.1194	-3.5159	0.1206	6.3674	0.1198	106.7581	0.5389
279.385	146.801	-4.5025	0.3168	-2.2398	0.3223	5.0289	0.3179	103.2243	1.8111
692.827	149.39	-0.5707	0.3612	0.5166	0.3656	0.7698	0.3632	68.9235	13.5161
317.538	264.847	-0.3083	0.3394	1.1335	0.3471	1.1747	0.3466	52.6085	8.4529
74.544	283.188	-6.101	0.3325	-2.5204	0.3416	6.6011	0.3339	101.223	1.4489
471.522	294.834	-0.2888	0.2982	0.4116	0.301	0.5029	0.3001	62.5282	17.0952
563.607	299.351	-7.7685	0.2444	-2.4847	0.2482	8.1562	0.2448	98.8682	0.8597
670.839	307.226	0.0193	0.174	0.2719	0.1764	0.2726	0.1764	42.9722	18.54
374.901	329.045	-5.4727	0.1828	-1.6425	0.185	5.7139	0.183	98.3526	0.9175
271.504	329.595	-5.7088	0.0573	-2.398	0.0576	6.192	0.0573	101.3926	0.2653
425.128	330.621	-0.5148	0.3233	0.8117	0.3281	0.9612	0.3267	61.1932	9.737
332.176	383.739	-5.9272	0.0968	-3.3004	0.0974	6.7842	0.0969	104.5552	0.4093
872.686	376.864	0.081	0.2351	0.4418	0.2387	0.4491	0.2385	39.8063	15.2156
180.764	380.421	-6.6547	0.1049	-2.8819	0.106	7.2519	0.1051	101.7077	0.4151
686.193	403.777	-3.7865	0.0398	-2.5674	0.0397	4.5749	0.0397	107.0692	0.2489
482.056	408.162	-6.2923	0.0792	-1.7487	0.0809	6.5308	0.0793	97.7657	0.3479
548.046	414.453	-6.0977	0.2345	-4.4871	0.2388	7.5707	0.236	108.1739	0.8932
410.378	416.76	-5.3427	0.0303	-3.5836	0.0303	6.4332	0.0303	106.9257	0.1348
392.83	425.298	4.9576	0.2408	5.7466	0.2467	7.5896	0.2442	24.6078	0.9216
452.297	425.572	-7.5136	0.4759	-4.4639	0.4836	8.7396	0.4779	105.3576	1.5666
530.888	457.302	-5.6881	0.0808	-3.059	0.0815	6.4585	0.0809	104.1353	0.359
491.357	448.455	-1.9147	0.0561	-0.9856	0.0559	2.1534	0.0561	103.619	0.7457
670.699	448.387	-5.8545	0.1424	-4.6848	0.1456	7.4982	0.1437	109.3333	0.5489
505.712	449.616	-7.1416	0.3282	-3.0699	0.3388	7.7735	0.3298	101.6305	1.2156
991.821	449.492	-4.3082	0.1203	-0.7815	0.1216	4.3785	0.1203	95.141	0.7874
539.536	454.521	-5.4471	0.0836	-4.1675	0.0841	6.8585	0.0837	108.7095	0.3498
485.295	455.201	-4.3764	0.0481	-3.2008	0.0482	5.422	0.0482	108.0904	0.2545
483.992	469.192	-4.4435	0.0277	-2.698	0.0276	5.1984	0.0276	105.6328	0.1524
535.668	478.221	-5.7272	0.1083	-2.814	0.1101	6.3812	0.1087	103.0835	0.4879
586.209	472.419	-5.7449	0.1673	-1.7328	0.1728	6.0006	0.1678	98.3921	0.8012
497.421	472.703	-6.2989	0.2084	-4.2405	0.2103	7.5933	0.209	106.9744	0.7886
512.716	474.584	-6.3746	0.1189	-2.28	0.1203	6.7701	0.1191	99.8401	0.5039
352.629	475.773	-6.0662	0.1294	-5.0591	0.1303	7.8989	0.1297	109.9137	0.4706
561.933	478.899	-5.6218	0.0734	-2.0109	0.0743	5.9707	0.0735	99.8411	0.3527
442.284	495.946	-5.8717	0.1479	-3.5629	0.1498	6.8681	0.1484	105.6248	0.6189
536.594	488.547	-6.3489	0.08	-3.0308	0.0807	7.0352	0.0801	102.7595	0.3262
548.659	493.226	-6.8048	0.1331	-2.8175	0.1338	7.365	0.1332	101.246	0.5181
581.898	492.59	-6.289	0.1824	-2.0723	0.1835	6.6216	0.1825	99.1188	0.7895
521.651	491.603	-6.7287	0.206	-4.1231	0.209	7.8914	0.2068	105.7492	0.7509
552.732	503.666	-6.2765	0.1304	-2.2844	0.1319	6.6793	0.1306	99.9998	0.5602
513.094	494.523	-5.695	0.1342	-3.7761	0.1359	6.8332	0.1347	106.7731	0.5649
504.767	497.943	-6.0629	0.1461	-2.3829	0.1482	6.5144	0.1464	100.728	0.6437
529.282	501.984	-6.3635	0.1833	-2.9979	0.1858	7.0344	0.1837	102.6128	0.7483
456.209	508.379	-5.4956	0.0931	-2.7721	0.0936	6.1552	0.0932	103.3837	0.4339
448.419	513.151	-5.3457	0.1124	-2.1728	0.1131	5.7704	0.1125	101.0598	0.5584
538.654	513.044	-8.1582	0.2999	-4.3312	0.3024	9.2366	0.3005	103.982	0.9319
528.676	513.91	-5.0564	0.2756	-3.114	0.2809	5.9383	0.2771	105.8135	1.3367
421.953	516.682	-6.394	0.2483	-3.6395	0.2546	7.3572	0.2499	104.8242	0.973
585.273	519.146	-6.3637	0.2814	-3.8256	0.2894	7.4251	0.2836	105.5062	1.094
656.662	519.832	-4.2229	0.0925	-3.2183	0.0932	5.3095	0.0928	108.6555	0.5005
546.448	542.898	-5.4251	0.0246	-1.2927	0.0245	5.577	0.0246	96.7015	0.1262
773.773	549.875	3.0672	0.2206	4.2764	0.2252	5.2626	0.2236	27.1749	1.2173
560.66	544.718	-7.1601	0.1545	-3.1464	0.1543	7.821	0.1544	101.8612	0.5657
399.443	556.619	-3.6967	0.026	-1.4977	0.0259	3.9886	0.026	101.0277	0.1865
474.614	545.986	-6.0052	0.3159	-4.381	0.325	7.4334	0.3191	108.056	1.2298
590.923	552.922	-1.6282	0.0163	0.0251	0.0162	1.6284	0.0163	89.559	0.2873
272.589	559.237	-4.2369	0.2408	-2.9763	0.2449	5.1778	0.2421	107.5433	1.3398
579.501	558.952	-6.5187	0.1217	12.5344	0.1182	14.1282	0.119	58.7386	0.2413
501.114	563.244	-6.4585	0.1178	-2.6638	0.1198	6.9863	0.118	101.207	0.4841
394.678	570.208	-0.3081	0.4099	0.2583	0.3949	0.402	0.4038	70.0118	28.7733
553.714	570.285	-6.7464	0.0927	-3.2082	0.0935	7.4704	0.0928	102.7165	0.3559
505.376	572.744	-6.5296	0.0638	-3.3629	0.0642	7.3447	0.0639	103.625	0.2492
485.34	574.598	-6.4502	0.1055	-3.5128	0.1067	7.3447	0.1058	104.2864	0.4126
482.808	587.992	-7.3787	0.1031	-3.705	0.1039	8.2567	0.1032	103.3311	0.3582
583.552	590.451	-6.1125	0.0911	-2.8234	0.0921	6.7331	0.0913	102.3963	0.3885
425.43	597.787	-4.6937	0.3262	-3.2238	0.3331	5.6942	0.3284	107.2413	1.6523
629.264	601.496	-4.9705	0.3815	-0.7584	0.3878	5.028	0.3817	94.3374	2.1746
627.298	611.78	-4.0118	0.2206	-0.3536	0.2237	4.0274	0.2206	92.5185	1.5693
501.669	641.221	-6.0063	0.2974	-3.3642	0.3021	6.8843	0.2985	104.627	1.2423
363.205	650.346	-5.5871	0.2794	-2.4744	0.2841	6.1106	0.2802	101.9437	1.3138
566.166	681.249	-4.6945	0.3272	-0.6212	0.3315	4.7354	0.3273	93.769	1.9798
335.416	678.435	-0.4014	0.1938	0.2456	0.1966	0.4706	0.1946	74.2716	11.8444
243.338	681.294	-0.6608	0.0766	0.7164	0.0772	0.9746	0.0769	66.3447	2.2599
858.311	199.58	-0.2792	0.9997	0.7294	0.9817	0.781	0.984	55.4722	36.0958
656.973	250.103	1.8024	0.6935	2.6983	0.6973	3.2449	0.6961	28.1287	6.1458
774.067	543.401	3.4291	0.313	4.4578	0.3151	5.6241	0.3143	26.2156	1.6012
37.733	656.747	-1.7955	0.996	-0.0761	0.9847	1.7971	0.996	91.2137	15.8769
603.004	555.417	-19.8868	0.1764	-10.106	0.18	22.3073	0.1771	103.4693	0.2275
